0.0216921
0.0220517
0.0276419
0.0197361
0.0271661
0.0306659
0.0307032
0.0211644
0.0215938
0.0205716
0.0202968
0.0192423
0.0192068
0.018596
0.0182888
0.0193375
0.0185661
0.0236443
0.0234128
0.0189881
0.0201452
0.0233573
0.0212449
0.0211438
0.021517
0.0226287
0.0204989
0.021022
0.020865
0.0208772
0.0213539
0.0213655
0.0215904
0.0215687
0.0222946
0.0212789
0.0217479
0.0217784
0.0218161
0.0212025
0.019626
0.0188616
0.0194508
0.0186204
0.0189639
0.018824
0.0193011
0.0183323
0.0175106
0.0174627
0.0182897
0.018206
0.0194793
0.0209952
0.0188175
0.0188339
0.0180362
0.0167758
0.0182828
0.0183186
0.0172857
0.0177593
0.017506
0.0172663
0.0178751
0.01787
0.0215877
0.0224844
0.0197452
0.0170739
0.0176644
0.0181104
0.0172385
0.0186456
0.0174181
0.0170304
0.0156042
0.015643
0.0163364
0.0187482
0.0248819
0.0251888
0.0255595
0.0265143
0.0270176
0.0176907
0.0196553
0.0203152
0.020221
0.019956
0.0208437
0.0220774
0.0270258
0.0208313
0.0212193
0.0204656
0.0220316
0.0217908
0.0218002
0.0223387
0.0223187
0.0246892
0.0224831
0.0225047
0.0237366
0.0234789
0.0263415
0.0364718
0.0243852
0.0247438
0.0239652
0.0255143
0.0290662
0.0265328
0.0258713
0.0255266
0.0263379
0.0265918
0.025203
0.0251363
0.0261955
0.0272562
0.0269956
0.0288132
0.0274447
0.0264299
0.0275154
0.0280667
0.0265902
0.032579
0.0270788
0.0234236
0.0355281
0.0276403
0.0332711
0.0328459
0.0217328
0.0297382
0.0317664
0.0226314
0.0222285
0.0218982
0.0249939
0.0219383
0.0241623
0.0239813
0.0274479
0.0319054
0.0225188
0.0235272
0.0229491
0.0227897
0.0220259
0.0228764
0.0232449
0.0227567
0.0246465
0.0248794
0.0257266
0.0260292
0.0276867
0.0395217
0.0346118
0.0366365
0.0278484
0.0271169
0.027739
0.0396741
0.0267083
0.0265543
0.0277187
0.029533
0.0271757
0.0300773
0.0291623
0.028661
0.0326666
0.0304422
0.0328623
0.0297835
0.0314538
0.0414732
0.0305063
0.0286408
0.0400157
0.0291223
0.0391842
0.0427752
0.0292911
0.0294909
0.0300865
0.0298807
0.0289708
0.0448917
0.0283913
0.0300413
0.0321709
0.045937
0.0298292
0.0326222
0.0300622
0.0388381
0.0312556
0.0309846
0.0311547
0.0314368
0.0293888
0.0296366
0.0409505
0.030966
0.0372226
0.0299409
0.0279654
0.0411824
0.0292542
0.0288826
0.0291628
0.0285534
0.0286844
0.0295921
0.0424259
0.0394105
0.034282
0.0370258
0.0373823
0.0365592
0.0368154
0.0364933
0.0291506
0.0411737
0.0266162
0.028011
0.0273354
0.0270671
0.0268574
0.0266719
0.0260969
0.0257061
0.0261392
0.02642
0.0267905
0.0274969
0.0280387
0.0288146
0.0275521
0.0309189
0.0272169
0.0275879
0.0273924
0.0280372
0.0278566
0.0325557
0.0276948
0.028012
0.0278719
0.0283751
0.0282059
0.0331701
0.0270946
0.0270278
0.0284763
0.0286176
0.0320333
0.0258886
0.0288433
0.043513
0.0276573
0.0272721
0.0276713
0.0285569
0.0285101
0.0294547
0.0274766
0.0273813
0.0278676
0.0274353
0.0270259
0.0265037
0.0237316
0.0250204
0.0275308
0.0260658
0.0254805
0.0393946
0.0374677
0.0252772
0.0260438
0.0291531
0.0338386
0.0273
0.0283805
0.0273631
0.0300889
0.0277
0.0279962
0.0278735
0.0283861
0.0281791
0.0321398
0.0289152
0.0288414
0.0289827
0.0283975
0.0268377
0.0295517
0.0412106
0.0371807
0.0355139
0.0426108
0.0341142
0.0382145
0.0302854
0.0316623
0.044151
0.029544
0.0308218
0.0314011
0.0442987
0.0293342
0.0315578
0.0308771
0.0305634
0.0311872
0.0318595
0.0416766
0.0346773
0.0306234
0.0296464
0.0325021
0.0322562
0.0327252
0.0311862
0.0308617
0.0306331
0.0309893
0.0315761
0.0306446
0.0305138
0.0294045
0.0307219
0.0288126
0.036491
0.0387163
0.0350042
0.0286397
0.0318988
0.0446929
0.0348654
0.0303756
0.0416458
0.0406926
0.0352977
0.0316123
0.0418028
0.0296815
0.0412491
0.0312281
0.029966
0.0291465
0.0274435
0.0268404
0.0266003
0.025518
0.0360751
0.0244941
0.0257202
0.0245213
0.0276605
0.0269919
0.0257984
0.0273097
0.0285887
0.0227982
0.0356705
0.0268001
0.0240424
0.0244317
0.0265008
0.0356113
0.0268542
0.0264302
0.0318101
0.0285664
0.027472
0.0277734
0.0291355
0.0272484
0.027622
0.0276002
0.0290423
0.0260043
0.0264699
0.0270311
0.0265436
0.0398948
0.0292499
0.0305662
0.0313076
0.0364583
0.0292027
0.0383679
0.0334632
0.0280684
0.0309528
0.0368011
0.0315981
0.0324547
0.0308941
0.0416051
0.0377862
0.0312037
0.0306623
0.0316774
0.031352
0.0291283
0.0472037
0.0310656
0.0315718
0.0318739
0.0313047
0.0322474
0.0400611
0.0376787
0.0321733
0.0326242
0.0554696
0.0477275
0.0352467
0.0360041
0.0352971
0.0424187
0.0438781
0.0406241
0.030959
0.0397101
0.0399564
0.0413813
0.0304445
0.0297573
0.0315413
0.0290407
0.0285711
0.029852
0.0395808
0.0386627
0.0397178
0.0380726
0.0374643
0.0386417
0.0408896
0.0275131
0.0272509
0.0272028
0.0259556
0.025477
0.0260611
0.0271911
0.026657
0.0258917
0.0272354
0.0257599
0.0283192
0.0295459
0.0315547
0.035821
0.0395684
0.0291258
0.0316171
0.0417864
0.0414866
0.0389954
0.0290487
0.0313138
0.0296632
0.0283539
0.0290834
0.0293891
0.0270691
0.0290804
0.0283367
0.0278687
0.0423939
0.031553
0.0404012
0.0280664
0.0288436
0.0284784
0.0291021
0.0412368
0.0300685
0.0276383
0.0381554
0.0357041
0.0283758
0.0276237
0.026612
0.0397933
0.0369746
0.0359189
0.0289311
0.0272863
0.0267139
0.0277147
0.0279862
0.0275665
0.0277539
0.0326111
0.0246326
0.0255466
0.0270163
0.0260381
0.0255937
0.0238857
0.0246485
0.024868
0.0265014
0.0231588
0.0309109
0.0301856
0.0296026
0.0266586
0.0248626
0.0250025
0.0252272
0.0260808
0.0363683
0.02671
0.0262365
0.0247191
0.0395182
0.0283873
0.0245069
0.0262782
0.0268408
0.035782
0.0263297
0.0277614
0.0252909
0.0270566
0.0269999
0.0249041
0.038913
0.0274548
0.0265221
0.0271934
0.0288322
0.02615
0.0269575
0.0255251
0.0251952
0.0265051
0.0271653
0.026508
0.0280314
0.0264522
0.0280462
0.0326092
0.028303
0.0280105
0.0282379
0.0301977
0.0279321
0.0278615
0.0278595
0.0274722
0.028373
0.0279138
0.0284215
0.0280356
0.0294438
0.0345662
0.0298019
0.027986
0.0298126
0.0292884
0.0297245
0.030346
0.0335264
0.0249038
0.0259604
0.0256284
0.0357802
0.0259676
0.0376095
0.0255753
0.0264957
0.0374923
0.0323722
0.025669
0.0260426
0.024165
0.0245481
0.0251325
0.0338597
0.0326162
0.0311828
0.0237219
0.0219234
0.0262793
0.0251665
0.0230432
0.0227414
0.0235996
0.0232253
0.0288887
0.0247749
0.023671
0.0245841
0.0243067
0.0246866
0.0259606
0.0254835
0.02523
0.0268163
0.0274233
0.0262462
0.0278292
0.0290074
0.0290781
0.0290838
0.0295414
0.0367847
0.030438
0.027817
0.0283906
0.0291979
0.0296739
0.0288121
0.0305473
0.0267678
0.0260848
0.0388974
0.0281185
0.0302962
0.0309631
0.0307154
0.0303737
0.0308754
0.0297062
0.0277378
0.0431744
0.0311508
0.0304661
0.0288552
0.0271712
0.0286927
0.0346162
0.0267657
0.0293567
0.0287087
0.0281863
0.0276617
0.0290483
0.0279262
0.0276419
0.0288918
0.0276043
0.0283184
0.0293518
0.028162
0.0297727
0.0301255
0.0277768
0.0289672
0.0298873
0.0282245
0.0265569
0.0276637
0.0286567
0.0272977
0.0282149
0.0279543
0.0281811
0.0298174
0.0282167
0.0280147
0.0290449
0.0324434
0.0280389
0.0286157
0.0271434
0.0385298
0.0281539
0.0283834
0.0293937
0.0293408
0.0306544
0.0278238
0.0330721
0.0285162
0.0388848
0.0289177
0.0267837
0.0257306
0.0363949
0.0278259
0.0282148
0.0274039
0.0269593
0.0285989
0.0366767
0.0376305
0.0273669
0.0276714
0.0259483
0.0269767
0.0281042
0.0279577
0.0275988
0.0386731
0.0271586
0.0258197
0.0407424
0.0316835
0.0366828
0.0270536
0.0253268
0.0236254
0.0298741
0.0245569
0.0253075
0.0246768
0.0241787
0.0248342
0.0251203
0.0241671
0.0257838
0.0230446
0.0214215
0.0233749
0.0335179
0.0223672
0.0308432
0.0239963
0.0233188
0.0229506
0.0293038
0.0318873
0.0244201
0.0340883
0.0270652
0.0211738
0.0238466
0.0235741
0.0201874
0.0293641
0.0315358
0.0321008
0.0303027
0.0225379
0.026103
0.0316145
0.0221306
0.0217873
0.0231137
0.0219631
0.0214323
0.0216642
0.0211248
0.0191003
0.0297518
0.0214746
0.0205397
0.0213261
0.0192394
0.0229056
0.0265622
0.0289417
0.0276512
0.0220395
0.0198685
0.0223654
0.0207899
0.0222652
0.0219365
0.0222145
0.0223922
0.0214684
0.0233979
0.0224117
0.0296921
0.0304722
0.0295911
0.0226175
0.0229554
0.0231718
0.0211937
0.0299085
0.0294367
0.022997
0.0325086
0.0319085
0.0310435
0.030118
0.0277943
0.0228426
0.0330494
0.0215848
0.0211263
0.0203172
0.0228385
0.0223788
0.0242913
0.0333828
0.0234402
0.0240932
0.0234885
0.0219687
0.0349342
0.023003
0.0218596
0.0249212
0.0236817
0.0229578
0.0243606
0.0240852
0.0234964
0.0232809
0.0306508
0.022294
0.0268411
0.0321567
0.0311095
0.032617
0.0248805
0.0286092
0.0291235
0.0320057
0.0232771
0.0251346
0.0244557
0.023392
0.0239219
0.0235932
0.0236721
0.0247809
0.0243721
0.0243288
0.0234365
0.0236222
0.0277381
0.0345976
0.0335928
0.0323883
0.0294555
0.0232089
0.0220764
0.0220837
0.0232987
0.0209009
0.02281
0.0216904
0.0216157
0.0252062
0.0212542
0.0198983
0.0202389
0.0193318
0.0191704
0.019273
0.0208091
0.0207285
0.0231854
0.0267967
0.0243497
0.0201768
0.0190431
0.0187737
0.0199381
0.0198267
0.0183364
0.0179818
0.0177938
0.01724
0.0178243
0.0178145
0.0174044
0.017913
0.017506
0.0177154
0.0214556
0.0165893
0.0168706
0.0160679
0.0175134
0.0163635
0.0181349
0.0171433
0.0155431
0.0184154
0.0155247
0.016254
0.0229307
0.0246028
0.0176234
0.0194046
0.0212369
0.0160518
0.0168274
0.0168005
0.0173806
0.0189495
0.0190366
0.0179503
0.0207589
0.0192987
0.0187995
0.0192077
0.0186659
0.0193967
0.0211154
0.0191395
0.018407
0.026568
0.0177772
0.0174217
0.0209916
0.0202049
0.0194949
0.0193023
0.0189086
0.0201341
0.0171266
0.0217633
0.0262091
0.0194764
0.0190474
0.0199941
0.0283968
0.0215611
0.01875
0.0209365
0.0200612
0.0193174
0.0198599
0.0200542
0.0184823
0.0193171
0.01906
0.0185683
0.0193015
0.022845
0.0256014
0.0211373
0.0202333
0.0192791
0.0191331
0.0267782
0.0273847
0.0185244
0.0170293
0.0183504
0.0174692
0.0191743
0.0236117
0.0164441
0.016056
0.016065
0.0156859
0.0178969
0.0158282
0.0163452
0.0158282
0.015641
0.0174169
0.0147385
0.0157793
0.0161518
0.0155093
0.0162696
0.0182537
0.0185611
0.0187174
0.018443
0.0181355
0.0178674
0.0191775
0.0186332
0.0220669
0.0186862
0.0239252
0.0177959
0.0175501
0.0187006
0.0185337
0.0276721
0.0265433
0.0178189
0.0207955
0.0199899
0.0200707
0.0251472
0.0198089
0.020757
0.0305661
0.02079
0.0192497
0.0262105
0.0242718
0.0285542
0.0228943
0.01923
0.0247469
0.0257598
0.0176603
0.0178432
0.0285816
0.019033
0.0178282
0.0275388
0.0186843
0.0231649
0.0201551
0.0180014
0.0191628
0.0204066
0.0191814
0.0192942
0.0211681
0.0194373
0.0195427
0.022837
0.0192763
0.0185129
0.0184759
0.0199905
0.0188013
0.0184466
0.0185925
0.0183162
0.0204465
0.0197734
0.0260693
0.0203525
0.0216012
0.0199677
0.0197649
0.0207895
0.020446
0.0201645
0.0196921
0.0200202
0.021661
0.0194309
0.0196577
0.027494
0.0234268
0.0257723
0.0258389
0.0190431
0.0190056
0.0189072
0.0183503
0.0193283
0.0271542
0.0180501
0.0185008
0.0194123
0.0234591
0.0196975
0.0204252
0.0202934
0.0207232
0.0205385
0.0197242
0.0194666
0.0199878
0.0177981
0.0180671
0.0241365
0.0191283
0.0188438
0.0188486
0.0188493
0.0181194
0.0194987
0.0192458
0.0197037
0.021312
0.0195123
0.0187299
0.019772
0.020338
0.0195253
0.0200713
0.0196568
0.0193437
0.0199607
0.0202284
0.0198845
0.0209675
0.0200547
0.0188373
0.0206054
0.0204388
0.0200852
0.0210324
0.0203039
0.0259717
0.0210711
0.018766
0.019246
0.0196831
0.0202852
0.0197135
0.0220002
0.019375
0.0189937
0.0192453
0.0193288
0.019772
0.0204287
0.0195028
0.0219168
0.0218309
0.0196472
0.0196813
0.0205772
0.0190252
0.0189295
0.0189627
0.016808
0.0203847
0.0236974
0.0230826
0.0180186
0.0214217
0.017136
0.0177797
0.0178255
0.0164295
0.0159213
0.0172674
0.0172506
0.0165472
0.0176889
0.0178285
0.0176627
0.0196811
0.0178728
0.0172512
0.0180073
0.0161793
0.0161319
0.0215975
0.0183084
0.0184785
0.0188882
0.0183784
0.0180625
0.0241777
0.0173109
0.0186085
0.0205323
0.0200392
0.0196764
0.0199552
0.0226137
0.0193185
0.0276393
0.0197638
0.0182014
0.0295145
0.0193866
0.0266736
0.019554
0.0189179
0.0189907
0.019561
0.0192555
0.0189631
0.0180775
0.018563
0.0189907
0.0191365
0.0196737
0.0204491
0.0283129
0.0197582
0.0185317
0.0198452
0.0182819
0.0191475
0.0284145
0.0200848
0.025956
0.0269275
0.0184878
0.0190088
0.0210547
0.0239847
0.0239263
0.0193691
0.0209401
0.0210867
0.0208946
0.0207258
0.0206853
0.0283874
0.0279009
0.0251718
0.0286043
0.0222953
0.0194263
0.0202035
0.0193061
0.0198863
0.0207793
0.0194338
0.0256849
0.019534
0.019538
0.0192717
0.025381
0.0198472
0.0193491
0.0195953
0.024275
0.0201213
0.0259676
0.0271957
0.0269858
0.027231
0.0229732
0.0205583
0.0267362
0.026416
0.0263005
0.0194765
0.0179923
0.0243934
0.025153
0.0247333
0.0250612
0.019946
0.0195163
0.0191225
0.0225082
0.0173254
0.0178061
0.027404
0.0215984
0.0209817
0.0193987
0.0264146
0.0177135
0.0199911
0.0194912
0.0203249
0.0208419
0.0191083
0.0190075
0.0194983
0.0191184
0.019297
0.020266
0.0199201
0.0183996
0.0189888
0.0195302
0.0184844
0.0292709
0.0201203
0.0201563
0.0202168
0.0194126
0.0266985
0.0248591
0.0188828
0.0195464
0.0210763
0.0198555
0.0260866
0.0272554
0.0260037
0.0197321
0.0186353
0.0232378
0.0201472
0.0208175
0.0189316
0.0186816
0.0207281
0.0199343
0.0197479
0.0287403
0.0276866
0.0253958
0.0191353
0.0195902
0.0271384
0.0236618
0.0186073
0.019114
0.0295526
0.0203355
0.0196862
0.0211478
0.0205597
0.0198919
0.0211691
0.0204277
0.0200023
0.0181462
0.0186937
0.0185449
0.020431
0.0246723
0.0184376
0.0185935
0.0190256
0.0179378
0.0215016
0.020534
0.0197131
0.0202547
0.0187798
0.0196574
0.0215949
0.0200728
0.0188008
0.0207117
0.0198009
0.0190699
0.0229098
0.0194699
0.0187093
0.0191555
0.0201827
0.0187359
0.0178699
0.0213198
0.0198656
0.0204167
0.0189321
0.0184447
0.019466
0.0262365
0.0264429
0.0195512
0.0179798
0.0170858
0.0197834
0.0209094
0.0186245
0.0240478
0.018849
0.0189004
0.0202261
0.0221755
0.0269714
0.0202227
0.0190369
0.0186372
0.0196057
0.0177371
0.0185898
0.0179777
0.0174845
0.0184412
0.0198794
0.0204636
0.019427
0.0209636
0.0225718
0.0225477
0.0268407
0.019054
0.0187615
0.0201983
0.0192586
0.0197565
0.0271966
0.0190438
0.0185684
0.0196244
0.0191729
0.0197161
0.0200579
0.0198852
0.0193914
0.0201474
0.0203639
0.02671
0.0192289
0.0192899
0.0189241
0.0196563
0.0193306
0.0181329
0.0206783
0.0202796
0.0199587
0.023775
0.020505
0.0177683
0.0287316
0.0199596
0.0203381
0.0196491
0.0186851
0.0177896
0.0188335
0.0178344
0.01895
0.024188
0.0204977
0.0190157
0.0196952
0.0274527
0.0198851
0.0219093
0.0218304
0.020081
0.0202954
0.0181024
0.018349
0.0192586
0.0203392
0.0198251
0.0218194
0.0196528
0.0269693
0.0283008
0.0203235
0.0205654
0.0290805
0.0185816
0.0178709
0.0182445
0.0204084
0.0191323
0.0206208
0.0195286
0.0189568
0.0197055
0.0192978
0.0200071
0.0200955
0.0212436
0.0205021
0.0206967
0.02827
0.025078
0.026975
0.0207919
0.0203821
0.0194769
0.0196297
0.0278464
0.0218782
0.0274315
0.027903
0.0239008
0.018996
0.018844
0.0204655
0.0177778
0.0274759
0.0279622
0.0213326
0.0177312
0.0202016
0.0201324
0.0189413
0.0207171
0.0191233
0.0188871
0.0201095
0.0210631
0.0204967
0.0195371
0.0197627
0.0203739
0.0225635
0.0262244
0.0259395
0.0263806
0.0253398
0.0257002
0.0207532
0.0198113
0.0179223
0.0208241
0.0201292
0.018005
0.0281729
0.0177106
0.0199832
0.0197643
0.0228325
0.0184417
0.0192599
0.0193805
0.023398
0.0292833
0.0195939
0.0229572
0.0206079
0.0273126
0.0244274
0.0186727
0.0200455
0.0192814
0.0283766
0.0238143
0.0265383
0.020134
0.0190552
0.0187947
0.0191735
0.018624
0.0187256
0.0197226
0.0206946
0.0201045
0.0213178
0.0285575
0.0200531
0.0216096
0.0196768
0.0194083
0.020225
0.0194363
0.0193139
0.0201272
0.0190084
0.0201653
0.0196764
0.0188102
0.0179534
0.0190663
0.0200455
0.0197735
0.0197244
0.0207454
0.0182372
0.0206723
0.0194694
0.020479
0.0190716
0.0220712
0.0199131
0.0219994
0.0187876
0.019558
0.0198945
0.0204008
0.022434
0.0214481
0.0195144
0.0195629
0.0212942
0.0212125
0.0252333
0.021557
0.0191644
0.0195207
0.0197194
0.0179753
0.0189182
0.0197122
0.0253516
0.0262427
0.0207866
0.021234
0.0191459
0.0246809
0.0185629
0.019456
0.0209868
0.0206467
0.0191984
0.0209218
0.0212474
0.020766
0.0231256
0.0220862
0.0215456
0.0225256
0.0213401
0.0210103
0.0282056
0.021361
0.0215086
0.0249716
0.021885
0.0216436
0.0236595
0.0291024
0.0217091
0.0213829
0.02106
0.022053
0.022052
0.0234852
0.0253564
0.0211457
0.0199325
0.0198623
0.0199737
0.0191596
0.0190328
0.0192845
0.0180968
0.0183374
0.01951
0.0179569
0.0175411
0.0177286
0.0183389
0.0192176
0.0187944
0.0222779
0.0195632
0.0227654
0.0195044
0.0189471
0.0190156
0.018519
0.0174878
0.0187966
0.0172344
0.0164881
0.0183499
0.0178668
0.0182907
0.0190972
0.0186465
0.0175832
0.0186495
0.0171459
0.0178757
0.0185885
0.0171402
0.0158508
0.0183514
0.0173787
0.0177548
0.01666
0.0173386
0.0167893
0.022669
0.0248208
0.02546
0.0216318
0.0178806
0.0178186
0.0195201
0.0192532
0.0191846
0.0204297
0.0250736
0.0244354
0.0245407
0.0177769
0.0178269
0.0196405
0.0202179
0.0197325
0.0184602
0.0213294
0.0225779
0.0192814
0.0192052
0.0271653
0.020345
0.0198752
0.019453
0.0200672
0.0205273
0.0247962
0.0193543
0.0189097
0.0181774
0.019968
0.0278226
0.0197094
0.020965
0.018963
0.0194456
0.0201462
0.0217426
0.019574
0.0254641
0.0283103
0.0205591
0.0266846
0.0298815
0.0211884
0.0216895
0.0212372
0.0212684
0.0229791
0.0199156
0.0282957
0.0392751
0.0204179
0.0273427
0.0219181
0.0209474
0.0204789
0.0279101
0.0266608
0.0222374
0.0253707
0.0219224
0.0196899
0.0220009
0.0206654
0.0208243
0.0231573
0.0210459
0.0225823
0.0226764
0.0225249
0.0230599
0.0236131
0.021702
0.0219906
0.0236068
0.0234503
0.0216887
0.0230015
0.0223771
0.02796
0.0214497
0.0210371
0.0217011
0.0267229
0.0236985
0.0217465
0.0268359
0.0213024
0.0216747
0.0211701
0.0257437
0.027075
0.022215
0.0203813
0.0197268
0.0219609
0.0197987
0.0213596
0.0218202
0.022168
0.0214434
0.0218122
0.0208915
0.0201982
0.020713
0.0206787
0.0244426
0.0269183
0.0260909
0.0197017
0.0206997
0.0205439
0.0201541
0.021056
0.0200292
0.0211806
0.0202573
0.0202392
0.0193333
0.0196948
0.018642
0.0192691
0.0204231
0.0185872
0.0203159
0.020984
0.019799
0.0193835
0.0292735
0.023274
0.0200752
0.0210979
0.0187004
0.0193613
0.020231
0.0200629
0.018145
0.0200201
0.0273374
0.0179995
0.0192441
0.0204849
0.0202976
0.0199843
0.019842
0.0183579
0.0197568
0.0247687
0.0273822
0.0208878
0.0204098
0.0281779
0.0227868
0.0202999
0.0198282
0.0238348
0.0216004
0.0202906
0.02962
0.0254538
0.0209257
0.0229117
0.0301044
0.0268233
0.021447
0.0287265
0.0281828
0.022327
0.0221151
0.0219504
0.0224434
0.0227121
0.0214584
0.0226702
0.0203778
0.0221706
0.0224879
0.0212857
0.0212339
0.0215247
0.02644
0.0228623
0.0217404
0.0219686
0.0194556
0.0225563
0.0223468
0.0223251
0.0245211
0.0225448
0.0216168
0.0234394
0.0221936
0.0228046
0.0280992
0.0267155
0.0231202
0.032617
0.0296834
0.0296289
0.0251116
0.0223362
0.0243303
0.03459
0.0230847
0.0228574
0.0245846
0.0231575
0.0218346
0.0291748
0.0212266
0.0174957
0.0176129
0.0176505
0.0175726
0.0160421
0.0266507
0.0274272
0.0203396
0.0207424
0.0201106
0.0212969
0.0175413
0.0263762
0.0240355
0.0190906
0.020285
0.0220704
0.0213019
0.0210346
0.0203592
0.0213102
0.0270445
0.0215969
0.0209506
0.0201931
0.0217206
0.0210221
0.02038
0.0213101
0.0201595
0.0203315
0.0189429
0.018938
0.0259954
0.0192788
0.0283784
0.0233724
0.0225581
0.02104
0.0202125
0.0216535
0.0203466
0.021245
0.0284912
0.028415
0.0273894
0.0245756
0.0237366
0.0221392
0.0238227
0.0244855
0.024357
0.0345806
0.0235875
0.0238688
0.0249972
0.0339838
0.0331722
0.0247597
0.0289446
0.0231418
0.0255269
0.0311116
0.0315595
0.0261734
0.0246402
0.0352331
0.0261759
0.0271637
0.0256808
0.0257167
0.0254573
0.0260198
0.0270729
0.0263227
0.0263196
0.0368413
0.02496
0.0261959
0.0266955
0.0249121
0.0295981
0.0277145
0.0266712
0.0264785
0.0353983
0.0265885
0.0254206
0.0279797
0.0249927
0.0258566
0.0272434
0.0293927
0.0262052
0.0387323
0.0315872
0.0351602
0.0257356
0.0255922
0.0248328
0.0256054
0.0251768
0.0253778
0.0253348
0.03546
0.0256806
0.0306437
0.034818
0.024641
0.0255384
0.025132
0.0255911
0.0261707
0.0269119
0.0261451
0.025584
0.0288018
0.0325953
0.026139
0.0253982
0.0247913
0.0329776
0.025214
0.0248875
0.0257345
0.0255569
0.0246461
0.0256931
0.0259458
0.0241355
0.0274458
0.0249381
0.0266068
0.0397398
0.0261621
0.024777
0.0260937
0.025592
0.0266983
0.0266133
0.0265161
0.0250158
0.0258876
0.0247637
0.0242282
0.0226623
0.0334346
0.0242456
0.0273224
0.0239962
0.0238043
0.0249138
0.0333982
0.0233371
0.0289121
0.0324066
0.0257063
0.0226114
0.020095
0.0302225
0.0231405
0.0265101
0.0192944
0.0268242
0.0200458
0.0198515
0.0241654
0.0225284
0.0232576
0.0228865
0.0259881
0.0295593
0.0287561
0.0199785
0.029421
0.0244802
0.0217813
0.0213242
0.021133
0.0182516
0.0177335
0.0201938
0.0189598
0.0188772
0.0198224
0.0189173
0.0186658
0.0255827
0.0258827
0.0196268
0.0191147
0.0187513
0.0209545
0.0174176
0.0185293
0.0183382
0.0177523
0.0265749
0.0198095
0.0203557
0.0183292
0.0194519
0.0180287
0.0194761
0.0201845
0.0202683
0.0199282
0.0202838
0.0214575
0.0262143
0.0261119
0.0290427
0.0264276
0.0273228
0.0206151
0.0189285
0.0197665
0.0199684
0.020058
0.020045
0.0217145
0.0208624
0.0200363
0.021292
0.0268757
0.0198654
0.0262424
0.0242616
0.0261834
0.0273385
0.025827
0.025671
0.0212993
0.0218239
0.0201709
0.0241819
0.0198694
0.01874
0.0299517
0.0213097
0.0196325
0.0217459
0.0177606
0.019255
0.027689
0.0279426
0.0201073
0.0262884
0.0270138
0.0240752
0.0201648
0.0192244
0.0203751
0.0244749
0.0209005
0.0206359
0.0207652
0.020512
0.0202672
0.0281286
0.0208341
0.0196578
0.0265603
0.0192058
0.0194482
0.02003
0.0196947
0.0192094
0.0208569
0.019009
0.0196574
0.0213018
0.0203677
0.0229295
0.0246949
0.0196021
0.0225043
0.0203579
0.0193303
0.0186424
0.0286291
0.0216428
0.019149
0.0287952
0.0259112
0.0197429
0.0182186
0.0202525
0.0198047
0.0233601
0.0250108
0.0206451
0.0278286
0.0183631
0.0228645
0.021118
0.0265256
0.0189581
0.0205302
0.0201425
0.0209066
0.0218177
0.0207536
0.0207768
0.0212198
0.0186279
0.0225391
0.0202951
0.0289477
0.01835
0.0209702
0.0208249
0.0197278
0.0211787
0.0198807
0.0187984
0.0205893
0.0197591
0.0211382
0.0208624
0.022241
0.0206164
0.0270276
0.0256264
0.0193779
0.0264669
0.0253651
0.0257982
0.0233852
0.0254048
0.0195372
0.0202493
0.0275387
0.020838
0.0219284
0.019569
0.0208613
0.020922
0.0192097
0.0271775
0.0267926
0.0209029
0.0194804
0.0230215
0.0193841
0.0204689
0.0203453
0.0188932
0.017372
0.0201348
0.0187029
0.0200523
0.0200338
0.0185413
0.0197517
0.0203051
0.0188223
0.0184665
0.0278667
0.0264173
0.0179775
0.0217791
0.0196048
0.0189864
0.0301682
0.0196309
0.0201206
0.028923
0.0222884
0.020338
0.0201459
0.0193877
0.018859
0.0204199
0.0202482
0.0192731
0.0209195
0.0208706
0.0210846
0.0210671
0.0202274
0.0198558
0.0243097
0.0278854
0.0275
0.0255994
0.0202393
0.022295
0.0206942
0.0206051
0.0254644
0.0283283
0.022945
0.019767
0.0215716
0.0200813
0.0201009
0.0204905
0.0210439
0.0225809
0.030131
0.0189823
0.0196379
0.0219208
0.0259784
0.0212731
0.0216863
0.0208888
0.0212495
0.022164
0.02113
0.0203644
0.021712
0.0290158
0.0201631
0.0201816
0.021049
0.0197556
0.021484
0.019412
0.0189821
0.0238023
0.021019
0.0203587
0.0209141
0.0205792
0.0197697
0.0212018
0.0207668
0.0204365
0.02264
0.0201463
0.0212449
0.0241353
0.0207328
0.0210847
0.0239815
0.028328
0.0272745
0.0279289
0.0193677
0.0204158
0.0204848
0.0200183
0.0210536
0.0213488
0.0205396
0.0211148
0.0279185
0.0247259
0.0243196
0.0196198
0.0191757
0.0207807
0.0221698
0.0204753
0.0251107
0.0205983
0.0200056
0.0194373
0.0209952
0.0191693
0.0203871
0.0214565
0.01885
0.0206039
0.0196398
0.017979
0.0177129
0.0201641
0.0192871
0.0194617
0.0194974
0.0190141
0.0185344
0.0192692
0.019041
0.0199454
0.019976
0.0221912
0.0177617
0.0190131
0.018026
0.0176821
0.0188731
0.0190317
0.0195851
0.0232468
0.0196499
0.0185439
0.0186382
0.024265
0.0211548
0.0171265
0.018752
0.0249278
0.0180573
0.0177611
0.0241561
0.0189639
0.0175866
0.0174128
0.0206774
0.0177336
0.0176023
0.0212398
0.0189151
0.0171712
0.0238636
0.0231062
0.0242482
0.0248437
0.0198501
0.0169834
0.0171013
0.0176249
0.0161717
0.0230403
0.0188507
0.0166102
0.0162877
0.022888
0.0153089
0.0168226
0.0141273
0.0132017
0.0182974
0.018061
0.016177
0.0166653
0.0168977
0.0155979
0.0163819
0.023268
0.0234138
0.0154698
0.0183554
0.0161462
0.0260141
0.024798
0.0183802
0.0180301
0.0193473
0.0182177
0.0188397
0.0181325
0.0269524
0.0192465
0.0256138
0.0244427
0.025741
0.017816
0.0190681
0.0202986
0.0201697
0.0201392
0.0303534
0.0200525
0.0195543
0.0198796
0.0194311
0.0204381
0.0204995
0.0188067
0.0192958
0.0198222
0.0184207
0.0191703
0.0201187
0.0191784
0.0176183
0.0190036
0.020246
0.0180939
0.0211527
0.0266698
0.0272223
0.023391
0.0232392
0.0212766
0.02134
0.0266093
0.0176082
0.0181322
0.0173597
0.0172546
0.0203462
0.0150823
0.0145318
0.0158728
0.0148155
0.0148055
0.0165617
0.0155083
0.0153148
0.0155348
0.0154497
0.0137646
0.0227527
0.0142595
0.0135089
0.0220376
0.0159184
0.023094
0.0233867
0.0170377
0.0186929
0.0172694
0.018339
0.0220101
0.0252301
0.0221644
0.0178424
0.0203146
0.0191656
0.0183826
0.0218408
0.0217888
0.0319526
0.0321458
0.0233968
0.0219977
0.0235105
0.0217907
0.0223948
0.0222027
0.0303429
0.0301499
0.0309549
0.0289965
0.0246789
0.0297371
0.0317753
0.0214665
0.0228886
0.0228362
0.0249921
0.0319953
0.0272357
0.0224823
0.0230445
0.0217475
0.0216865
0.0299742
0.0197839
0.0218842
0.029557
0.0204715
0.0185798
0.021221
0.0254697
0.028423
0.020266
0.0198246
0.0196948
0.0221284
0.0244444
0.0209211
0.0282551
0.0279865
0.027429
0.0206658
0.0198905
0.0193095
0.0206799
0.0195858
0.0195917
0.0208503
0.0276487
0.0192879
0.0183202
0.0193222
0.0200443
0.0197747
0.0183038
0.0182719
0.0177582
0.0175475
0.0166057
0.0217678
0.0184449
0.0217654
0.0178324
0.0177441
0.0211144
0.0174797
0.0246567
0.0222784
0.0170697
0.0177285
0.0191464
0.0204785
0.0188533
0.0180856
0.0180108
0.0177781
0.0180457
0.0178795
0.0180925
0.017908
0.0195987
0.0249887
0.0246144
0.0179628
0.0180463
0.0176868
0.019679
0.0177356
0.0168312
0.016911
0.016872
0.0162224
0.0159178
0.0153201
0.0150793
0.0166167
0.0198377
0.0197093
0.0213277
0.0156548
0.0156442
0.0160544
0.0161837
0.0204683
0.0168008
0.0159276
0.0158221
0.016314
0.0162856
0.0158049
0.0218413
0.017807
0.017178
0.0172939
0.0177464
0.0174097
0.0180862
0.016902
0.0146424
0.0151763
0.0170648
0.0228921
0.0252694
0.0175346
0.0173636
0.0268932
0.0240187
0.0214578
0.0203755
0.0183138
0.0196432
0.0206203
0.0215672
0.0200453
0.0262178
0.0189594
0.0212072
0.0211577
0.0201976
0.019521
0.0275989
0.0221362
0.0276614
0.0306779
0.0227437
0.0241623
0.0218501
0.0208454
0.0223871
0.0225594
0.0199329
0.0203499
0.0228015
0.0202772
0.019822
0.0218985
0.0214275
0.0216103
0.021748
0.0210012
0.0214391
0.0223692
0.0226998
0.0211475
0.0219308
0.0209817
0.0252771
0.0284683
0.0263705
0.0188283
0.0214871
0.0210401
0.0206217
0.0212908
0.0193733
0.0208377
0.021366
0.0212269
0.0203258
0.0222982
0.0264851
0.020125
0.0218465
0.021729
0.0202228
0.0253149
0.0195229
0.0202526
0.0207049
0.0241403
0.0238299
0.0195553
0.0229683
0.0187276
0.0210595
0.0198591
0.0203794
0.020802
0.0266309
0.0191094
0.0203907
0.0204862
0.0205382
0.022108
0.0201191
0.0204243
0.0214594
0.0203621
0.0201981
0.0205781
0.0201729
0.0203229
0.0210977
0.0208675
0.0201002
0.0214415
0.0208099
0.0199412
0.0210553
0.020354
0.0199606
0.0210805
0.0205446
0.0194442
0.0212717
0.0200052
0.0207855
0.0220893
0.020067
0.0208845
0.0272557
0.0191749
0.0280098
0.0284808
0.0213227
0.0208326
0.0218715
0.027375
0.0204253
0.0213334
0.0209062
0.0210338
0.0217938
0.0210052
0.0200625
0.0217492
0.0189939
0.0205227
0.0212402
0.0199116
0.0184992
0.020419
0.0190435
0.0194352
0.0210389
0.0196547
0.0200296
0.0205837
0.0197522
0.0281832
0.0196628
0.0202639
0.0202923
0.0255456
0.0184293
0.0181148
0.0203808
0.0197359
0.0198587
0.0208559
0.0200879
0.0199342
0.0226967
0.0203872
0.0195195
0.0209657
0.0205
0.0189584
0.02379
0.0188889
0.0249122
0.0215163
0.0203089
0.0199563
0.0197916
0.0208912
0.0198478
0.0215384
0.0195695
0.0199699
0.0268157
0.0207873
0.0202803
0.0208681
0.0187256
0.0194141
0.0253523
0.0202866
0.0193362
0.0211668
0.0288237
0.0220168
0.0240497
0.020243
0.0207302
0.0208798
0.0216095
0.020423
0.0293687
0.0228622
0.0189191
0.0207533
0.0187367
0.0187183
0.0195859
0.0198559
0.0199815
0.0212888
0.020845
0.0198517
0.0201071
0.0212847
0.0231191
0.0294684
0.026148
0.0187981
0.0208049
0.0205281
0.0206663
0.0304644
0.0207241
0.0193344
0.0217441
0.019341
0.0270573
0.0193527
0.0194867
0.0198028
0.0220734
0.0194805
0.0191712
0.0224896
0.0213103
0.0213255
0.02087
0.019923
0.0191889
0.0238931
0.0216469
0.0217072
0.0222755
0.0242759
0.0254508
0.0211825
0.0240683
0.0209758
0.0217025
0.0207676
0.0205373
0.0307587
0.0206247
0.0203096
0.0209646
0.0199836
0.0274951
0.0294482
0.0200824
0.0203239
0.0248302
0.0216133
0.0208078
0.0279315
0.0298555
0.0208089
0.0217482
0.0212587
0.0206722
0.0213609
0.0273025
0.0256003
0.0291127
0.0265564
0.0272005
0.0237271
0.0196455
0.0204082
0.0211809
0.0275491
0.0210184
0.0206674
0.0211951
0.0205736
0.0258161
0.021619
0.0209165
0.0236191
0.0196781
0.0196994
0.0209629
0.0194441
0.0196007
0.0247674
0.0264924
0.0205739
0.0194777
0.0200404
0.0201712
0.0210007
0.026158
0.0207522
0.0214318
0.0212461
0.0208355
0.0218373
0.020771
0.020502
0.0209449
0.021397
0.0201664
0.0212511
0.0250693
0.0258562
0.0211261
0.0213702
0.0212838
0.0214151
0.0208657
0.0206636
0.0208755
0.0193268
0.0196236
0.0220634
0.0217432
0.0205782
0.022424
0.021427
0.0226654
0.0222392
0.0216501
0.0192259
0.0216068
0.0211077
0.0204985
0.0209123
0.031385
0.02128
0.021814
0.0220796
0.0268998
0.0225036
0.0210945
0.0283944
0.0297814
0.0248358
0.0210149
0.0224502
0.0212533
0.0202659
0.0232004
0.0206922
0.0209205
0.0215666
0.0268399
0.0210356
0.0221667
0.0215485
0.0213419
0.0293472
0.0214403
0.0206775
0.0209604
0.0215707
0.020749
0.0227432
0.020686
0.0211195
0.0223584
0.0204852
0.0203401
0.0221038
0.0193863
0.0212022
0.022822
0.019672
0.0197043
0.0221714
0.0227014
0.0231188
0.0287574
0.0217636
0.0205433
0.0275301
0.0216753
0.0226179
0.0219026
0.0196827
0.0219004
0.0317586
0.0204456
0.0192022
0.0272089
0.0208563
0.0207942
0.0209024
0.0212831
0.0211032
0.0207885
0.019933
0.022616
0.027626
0.0246659
0.0230489
0.0228772
0.022483
0.0189859
0.0246362
0.0197015
0.0249359
0.0205235
