0.00226566
0.00135304
0.00108058
0.00105607
0.00111035
0.00107135
0.00106184
0.00134854
0.00117133
0.00120825
0.00243227
0.00131479
0.00138945
0.00131253
0.00113477
0.00130426
0.0011815
0.00108265
0.00110689
0.00171761
0.00100806
0.00107573
0.00136187
0.00114426
0.00149874
0.00125391
0.00112688
0.00135456
0.00147123
0.00132322
0.00113804
0.00126168
0.00109401
0.00105203
0.00116161
0.00102264
0.00126144
0.00111179
0.00140769
0.00120171
0.00110362
0.00106953
0.00107223
0.00133967
0.00154144
0.00152202
0.00126333
0.00141831
0.00131657
0.00106644
0.00143157
0.00125088
0.00113907
0.00105773
0.00116041
0.0015125
0.0013063
0.00126314
0.00126499
0.00139473
0.00114583
0.0014297
0.00175423
0.00124698
0.00132625
0.00156934
0.00146064
0.00119664
0.00140657
0.0012584
0.00148478
0.00139999
0.00116058
0.00138899
0.00106003
0.00145835
0.00143376
0.00116316
0.00177864
0.00125785
0.0012079
0.00168802
0.00174838
0.00151843
0.00107464
0.0010854
0.00108705
0.00110498
0.0015177
0.00136638
0.00119078
0.00122246
0.00117843
0.00116172
0.00111916
0.00111464
0.00105001
0.00110543
0.00105584
0.00112486
0.0010534
0.00104792
0.0010417
0.00104817
0.00110265
0.00103703
0.00130189
0.00115582
0.00130055
0.00118835
0.00112221
0.00109665
0.00110009
0.00121674
0.00121799
0.00174143
0.00127404
0.00113802
0.00106556
0.0015618
0.00104839
0.00102293
0.00108232
0.00115207
0.00122823
0.00107182
0.0012455
0.00119656
0.00128092
0.00106885
0.00104894
0.0012016
0.00145745
0.00109344
0.00109964
0.00106939
0.00125981
0.00117866
0.00121695
0.00131126
0.0012381
0.00122362
0.00115862
0.00117002
0.00115839
0.00127003
0.001173
0.00118591
0.0012202
0.00116676
0.00127405
0.0011568
0.00114046
0.00113724
0.00110757
0.00116514
0.00110886
0.00113722
0.00108638
0.00110476
0.00110118
0.00117935
0.00118731
0.00125772
0.00126865
0.00117819
0.00114645
0.00117693
0.00113171
0.00104721
0.00111187
0.00118768
0.00107653
0.00112393
0.00139209
0.0012447
0.0011593
0.0012336
0.0011121
0.00113038
0.00117679
0.00106695
0.00155444
0.00116917
0.0011262
0.00119788
0.00107076
0.00125826
0.00114468
0.0016137
0.00119103
0.00159693
0.00114998
0.00112819
0.00124249
0.00162039
0.00124045
0.00108937
0.00152644
0.00107128
0.00114435
0.00117185
0.00108751
0.00112865
0.00111576
0.0011412
0.00128184
0.00126209
0.00118544
0.00149874
0.00113814
0.00147417
0.00123617
0.00114862
0.00113142
0.00109633
0.00150683
0.00111686
0.00129575
0.00116509
0.00124155
0.00131152
0.00118095
0.00114778
0.00112901
0.0011202
0.0011556
0.00110335
0.00111773
0.00130625
0.00121132
0.00114679
0.00112562
0.00114156
0.00176341
0.00113063
0.00106744
0.00110681
0.00117174
0.00115799
0.00114685
0.00111613
0.00112625
0.00108489
0.00110608
0.00118738
0.00104359
0.00107802
0.00142632
0.00104078
0.00112458
0.00103886
0.00102619
0.00102939
0.00104285
0.00117901
0.00103413
0.00146946
0.00109589
0.00107176
0.00104812
0.00114499
0.0011014
0.00104337
0.00111141
0.00133666
0.00102332
0.00136956
0.00107331
0.00112169
0.00144647
0.00122357
0.00122854
0.00123065
0.00114339
0.00122123
0.00110396
0.00111662
0.00111827
0.00111971
0.00110087
0.00109448
0.00112079
0.00110038
0.00109
0.00108198
0.00109447
0.00112588
0.00109477
0.00109904
0.00131234
0.00107223
0.00105897
0.00105587
0.00134484
0.0010759
0.00106831
0.0011336
0.00106103
0.0010507
0.0010432
0.001073
0.00108291
0.00104437
0.00126865
0.00122409
0.00111825
0.00109548
0.00149741
0.00113151
0.00117533
0.00112244
0.00115766
0.00108343
0.00109868
0.00111567
0.00107696
0.00102131
0.00112705
0.00104255
0.00108346
0.00122633
0.00128445
0.00112482
0.00108403
0.0010814
0.00112094
0.00106717
0.00115142
0.00106156
0.00111196
0.00105798
0.00111462
0.00117182
0.00113856
0.00105944
0.00106296
0.00110119
0.00111079
0.00107557
0.00115442
0.00114906
0.0011503
0.00107258
0.00116936
0.00152342
0.00135444
0.00142844
0.00113567
0.00111261
0.00109444
0.00113172
0.00113895
0.00114635
0.00109173
0.00118979
0.00111466
0.00110861
0.00113566
0.00109388
0.00110068
0.00105044
0.00103993
0.00114123
0.00109273
0.0012024
0.00124175
0.0014727
0.00155537
0.00132818
0.00113036
0.00116286
0.00108161
0.00120841
0.00116805
0.00113251
0.0011371
0.00112903
0.00110774
0.00110284
0.0011715
0.0011327
0.00115461
0.00119197
0.00111645
0.0012242
0.00108479
0.00110802
0.00121825
0.00107611
0.00115304
0.00115787
0.00121043
0.0012367
0.00114121
0.00121097
0.00115407
0.0012601
0.00109179
0.00109871
0.00119659
0.00111261
0.001119
0.00112998
0.00114695
0.00112148
0.00116562
0.00112782
0.00111447
0.00115938
0.00116291
0.0011536
0.00114325
0.00109701
0.00111166
0.00111109
0.00106479
0.00115216
0.00112969
0.00105723
0.00149542
0.00116201
0.00105106
0.00105313
0.00108267
0.00110584
0.00108211
0.00105536
0.0010907
0.00108622
0.00103355
0.00105626
0.00103899
0.00107252
0.00119525
0.00116268
0.00117799
0.00109296
0.00109933
0.0011021
0.00112522
0.00110484
0.00118596
0.00109373
0.00110408
0.00107336
0.00104633
0.00107029
0.00116231
0.00108789
0.00122993
0.00114287
0.00108015
0.00108853
0.00119987
0.00107962
0.00113335
0.00110055
0.00120528
0.00118201
0.00109942
0.00104481
0.00107435
0.00102713
0.00104389
0.00110161
0.00122394
0.00110033
0.00103386
0.00107766
0.00108382
0.00107393
0.00100952
0.00102518
0.00109123
0.00101866
0.00106467
0.00101023
0.00111258
0.0010732
0.00111816
0.00103732
0.00112855
0.00112013
0.00105565
0.00100598
0.00107263
0.00102925
0.00106274
0.00103226
0.00119454
0.00103476
0.00125264
0.00131827
0.00125379
0.00102933
0.00114143
0.00106777
0.00124096
0.00105668
0.00110516
0.00104652
0.00106687
0.00144097
0.00116804
0.00108237
0.00119872
0.00119545
0.00121102
0.00109505
0.0011333
0.00107565
0.00130488
0.0010629
0.00129327
0.00106657
0.00108479
0.00111599
0.00108026
0.00112357
0.00121963
0.0013111
0.00107809
0.0011088
0.0011032
0.00108237
0.00122199
0.00128619
0.00115792
0.00108377
0.00117797
0.00105718
0.00128123
0.00134452
0.00152357
0.00105605
0.00115567
0.0010701
0.00104571
0.00106971
0.00113921
0.00116831
0.00122706
0.00106021
0.00109516
0.00106149
0.00132584
0.00103876
0.0013413
0.00107717
0.00105386
0.00108549
0.00117616
0.00129461
0.0011998
0.00135775
0.00107826
0.00159674
0.00100641
0.00126724
0.00105742
0.0012187
0.00129859
0.0010721
0.00112467
0.00105042
0.00127626
0.00111105
0.00126028
0.00110899
0.00105984
0.00103212
0.00107771
0.00121296
0.00140114
0.00136393
0.00130571
0.00109716
0.00121826
0.00112252
0.00112385
0.00122667
0.00111525
0.00191767
0.00119934
0.0012743
0.00120294
0.0015334
0.00151757
0.00115164
0.00107248
0.00109067
0.00113574
0.00112774
0.00132166
0.00114808
0.00130848
0.00112764
0.00106562
0.00127022
0.00133315
0.00104536
0.00111401
0.00109818
0.00109186
0.00124448
0.00114085
0.00143088
0.00107711
0.00134888
0.0010905
0.00139009
0.00144561
0.00105098
0.00113465
0.00138236
0.00106551
0.00109094
0.00104033
0.00105898
0.00105127
0.00104605
0.00106852
0.00103206
0.00106123
0.00104499
0.00128665
0.00124452
0.00122722
0.00117417
0.00124494
0.00104553
0.00110678
0.00108842
0.00111299
0.00112152
0.00110138
0.00130334
0.00112095
0.0011653
0.0012812
0.00112529
0.00118164
0.00127053
0.00142908
0.00118817
0.00116808
0.00112524
0.00112531
0.00124153
0.00157022
0.00128059
0.00106699
0.00110879
0.00105379
0.00106761
0.00108348
0.00105249
0.00113688
0.00112802
0.00106783
0.00103012
0.00112236
0.00113445
0.00128977
0.00108867
0.0012747
0.00113156
0.00126717
0.00108992
0.0011275
0.00116602
0.00130591
0.00111909
0.00124944
0.00116891
0.00115263
0.00107476
0.00118924
0.00108089
0.00113305
0.00118098
0.00102748
0.00103935
0.00104839
0.00108147
0.0011216
0.00116565
0.00133226
0.00101244
0.0012846
0.00112221
0.00103662
0.00142324
0.0010883
0.00123811
0.00121066
0.0010857
0.00107954
0.00113226
0.00119462
0.0010319
0.00104732
0.00214409
0.00110211
0.00113631
0.00108691
0.00128987
0.0014394
0.00105317
0.00136406
0.00108744
0.00106682
0.00129294
0.00104897
0.00126003
0.00132477
0.00136044
0.00109562
0.00137746
0.00135117
0.00110452
0.00117017
0.00112252
0.00107274
0.00134124
0.00121486
0.00104836
0.00122681
0.00107343
0.00138162
0.00128962
0.00155946
0.0012881
0.00101394
0.00148416
0.000999792
0.00127625
0.00100363
0.001614
0.00111639
0.00102841
0.00124916
0.00119084
0.00131108
0.00115246
0.00148857
0.00113268
0.00132784
0.001219
0.00144932
0.0010949
0.00136081
0.00125965
0.000994281
0.00110657
0.00139342
0.00102155
0.00106842
0.00102611
0.00141382
0.00118681
0.00117307
0.00138086
0.00120382
0.00156731
0.00114989
0.00105731
0.000993908
0.00128053
0.00100067
0.00126706
0.00120727
0.00114881
0.00115263
0.00109788
0.000983012
0.0014555
0.00119477
0.00103847
0.00103047
0.00117047
0.00115791
0.00123346
0.00139717
0.00182168
0.00106673
0.00135964
0.00148613
0.00104581
0.00111639
0.00110488
0.0012964
0.00113199
0.00119912
0.00117307
0.00101055
0.00114492
0.00134314
0.001495
0.00154621
0.00128049
0.00103283
0.00117753
0.00128361
0.00109855
0.00128259
0.00123036
0.00163374
0.00111467
0.00101999
0.00103055
0.0010996
0.00114494
0.000993678
0.00107929
0.0013305
0.00115744
0.00102716
0.00102184
0.00103037
0.00107483
0.0010042
0.00107819
0.00106755
0.0010006
0.00111785
0.00108461
0.00108613
0.00139889
0.00106697
0.0014744
0.00108854
0.00109798
0.00104483
0.00125093
0.00123037
0.00131437
0.001037
0.00103856
0.00104553
0.00125602
0.00102836
0.00111385
0.00104068
0.00165291
0.00143106
0.00151247
0.00131335
0.00149035
0.00114198
0.00126479
0.00114284
0.00128139
0.00109752
0.00142703
0.000999775
0.00179665
0.00111399
0.00100287
0.00149188
0.00164064
0.0013774
0.00145302
0.00104269
0.00124488
0.00107672
0.0017498
0.00104951
0.00146802
0.0014253
0.00101711
0.00110812
0.00127732
0.00116412
0.00131116
0.00122551
0.00122918
0.00130824
0.00105711
0.00112455
0.00102727
0.00111745
0.00165956
0.00126243
0.00109389
0.00114182
0.00102107
0.00107528
0.00127835
0.00102789
0.00133712
0.00107151
0.0010447
0.00111714
0.00144006
0.00105921
0.00127194
0.00105711
0.00103402
0.00107928
0.00107587
0.00135703
0.00107932
0.00109534
0.000999153
0.0011246
0.00103847
0.00110407
0.00109953
0.00129312
0.00107386
0.00126039
0.00124173
0.00150379
0.00142488
0.00110056
0.00103904
0.00107627
0.00101587
0.001023
0.00102799
0.00135386
0.00108455
0.00117154
0.000984012
0.00102942
0.00102855
0.00102464
0.00102835
0.00108678
0.00108056
0.00106156
0.00104418
0.00104604
0.00107516
0.00109243
0.00127725
0.0010888
0.0012885
0.0012104
0.00112251
0.0012821
0.00107237
0.00103036
0.00117393
0.00104011
0.00127425
0.00130076
0.00125375
0.00145947
0.00130729
0.00130872
0.00194011
0.00156156
0.00125362
0.00116408
0.00107296
0.00130617
0.00124733
0.00107325
0.00124283
0.00131919
0.00126812
0.00132792
0.00132218
0.0011063
0.00127512
0.00104214
0.00116653
0.00109673
0.00132057
0.00137323
0.0012342
0.00116591
0.00152712
0.00104331
0.00115714
0.00110707
0.00180607
0.00105453
0.00110941
0.00122258
0.00144546
0.00127797
0.00129308
0.00125538
0.00133352
0.00106318
0.00159401
0.00117082
0.00130995
0.0012494
0.00123915
0.00112348
0.00123698
0.00116039
0.00171038
0.00134239
0.00114248
0.00123635
0.00119188
0.00130904
0.00120238
0.00152637
0.00119309
0.0012141
0.00131665
0.0011089
0.0014532
0.00101977
0.00154334
0.00102218
0.00130975
0.00122941
0.00140438
0.00120371
0.00139295
0.00138527
0.00120823
0.00108707
0.00112752
0.0010514
0.00112374
0.00108309
0.00105351
0.00103934
0.00144159
0.00102835
0.00100625
0.0012801
0.00122959
0.00137909
0.00117207
0.00125637
0.00115853
0.00118606
0.00122541
0.00103088
0.00118989
0.00138666
0.00127484
0.00106509
0.00149632
0.00164244
0.00103497
0.00126048
0.00106066
0.00102206
0.000990521
0.00101084
0.0010415
0.00135056
0.00105822
0.000999866
0.00101164
0.00102722
0.00101881
0.00101196
0.00103073
0.00105512
0.00100932
0.00103039
0.0010092
0.00103465
0.00105829
0.00102745
0.00103611
0.00114493
0.0010728
0.00102042
0.00102687
0.00107023
0.00105439
0.00103965
0.00119143
0.00105881
0.00114219
0.00116188
0.00125871
0.00102191
0.0011114
0.00105452
0.00109562
0.00106912
0.00165842
0.00133614
0.00129967
0.000991938
0.00105421
0.00102876
0.00105121
0.00131127
0.00137319
0.00100095
0.0010401
0.00133818
0.00106592
0.00102542
0.0010693
0.00102309
0.00142774
0.00132289
0.00165301
0.00152461
0.00109008
0.00104984
0.00104279
0.0013235
0.00105449
0.00106914
0.00112836
0.0013571
0.0010227
0.00107832
0.00105167
0.00123394
0.00100593
0.00100192
0.00107938
0.00101195
0.00103488
0.0010029
0.00104625
0.00112408
0.00107754
0.00104026
0.0011963
0.00107696
0.00146969
0.00134781
0.00110893
0.00119223
0.00106359
0.00105572
0.00105836
0.00107284
0.00109199
0.00103548
0.00124992
0.000991961
0.00127588
0.00132293
0.00149537
0.00100373
0.00137834
0.00134398
0.00167021
0.000996188
0.00105712
0.000995836
0.00111436
0.00103469
0.00100602
0.0012192
0.00127294
0.00100178
0.00168885
0.00108153
0.00103528
0.00104385
0.00100723
0.00105238
0.00127654
0.00101403
0.0012473
0.00158776
0.00120486
0.00155527
0.00118092
0.00171309
0.0016148
0.0012742
0.00157929
0.00147207
0.00127093
0.00124753
0.0013329
0.00104715
0.00129934
0.00105422
0.00131054
0.00101584
0.00125455
0.00116368
0.00121559
0.00157715
0.00129962
0.00154497
0.00110511
0.00120362
0.00134093
0.00108657
0.00127651
0.00126838
0.00125706
0.00126712
0.00125626
0.00145325
0.00130923
0.00138028
0.00150273
0.00140993
0.0012555
0.00128298
0.00124324
0.0016214
0.00121396
0.00152158
0.00118152
0.00190577
0.00126479
0.00148355
0.00140943
0.00106696
0.00124009
0.00132119
0.00142002
0.00106067
0.00126147
0.00117598
0.00163859
0.00132062
0.00129921
0.00127896
0.00158868
0.00113557
0.00116814
0.00124661
0.0016678
0.00125942
0.0013621
0.00119271
0.00151283
0.00126632
0.00131836
0.00103801
0.00138071
0.00134564
0.00131333
0.00125852
0.00146539
0.00122443
0.00123791
0.00113922
0.00118972
0.00130878
0.00128159
0.00107408
0.00141386
0.00128104
0.00132541
0.00127731
0.00123448
0.00130712
0.00169398
0.00130085
0.00123441
0.00122291
0.00105182
0.00109004
0.00126928
0.00131704
0.00127089
0.0011329
0.00127552
0.00107094
0.00129415
0.0010058
0.00132271
0.00127981
0.00128089
0.00123604
0.00131345
0.0012603
0.00111779
0.00133416
0.00124722
0.00133402
0.00120615
0.0012147
0.00115475
0.00131177
0.00116978
0.00128073
0.00124198
0.00131071
0.00129695
0.00135489
0.00128673
0.00161699
0.00133167
0.00138842
0.00131823
0.00131117
0.0013745
0.00100968
0.00125773
0.00134491
0.00114527
0.00131126
0.00101335
0.00123623
0.000981539
0.00129358
0.00115424
0.00127137
0.0011671
0.00109291
0.00145261
0.00111911
0.000997666
0.00138827
0.0014301
0.00132433
0.00100684
0.00136933
0.00125837
0.00100829
0.000985241
0.00108246
0.000993273
0.00154483
0.00123486
0.00124493
0.00107437
0.00106383
0.000982212
0.00119403
0.001146
0.00129813
0.000979067
0.00102747
0.00115268
0.00138943
0.00185327
0.00142007
0.00107425
0.00103122
0.00102624
0.00100036
0.00129134
0.00107486
0.00100793
0.000992946
0.000982599
0.00105127
0.00100538
0.00122199
0.000997787
0.00112245
0.00109574
0.00148608
0.000973791
0.0016774
0.00103
0.00219908
0.000996896
0.00103812
0.00103569
0.0010267
0.001003
0.00106628
0.00106829
0.0012808
0.00100544
0.00101992
0.00105303
0.00140071
0.000989665
0.00143098
0.00122769
0.00126523
0.00102137
0.00106477
0.00105466
0.00106804
0.00105448
0.00102137
0.00142056
0.00102329
0.00124472
0.00103383
0.00127818
0.00141232
0.00105823
0.00102813
0.00100674
0.00107482
0.000998351
0.00122539
0.00126227
0.00126515
0.00110186
0.00106391
0.00112509
0.00122392
0.00124442
0.00108029
0.00118109
0.00119364
0.0010693
0.00163396
0.00124762
0.00180156
0.00116147
0.00163154
0.00107089
0.0012411
0.00100629
0.00119489
0.00130329
0.00106282
0.00117485
0.00103264
0.00103769
0.00117974
0.00129203
0.00151585
0.00104558
0.00111267
0.00103022
0.0011198
0.00102101
0.00120773
0.00128066
0.00106252
0.00144257
0.00200068
0.00118901
0.00107093
0.00130725
0.00101745
0.00102709
0.00103687
0.00105782
0.00136256
0.00118206
0.00103962
0.00122102
0.00125148
0.00107691
0.00106327
0.00110214
0.00110538
0.00113421
0.00108856
0.00108033
0.00103757
0.0013968
0.00109148
0.00104536
0.00141322
0.00115701
0.00110824
0.00108822
0.00102088
0.00105759
0.00106238
0.00115208
0.00142166
0.00107065
0.00136445
0.0010278
0.00104929
0.00105775
0.00107861
0.00114838
0.00104692
0.00102347
0.00122972
0.00132996
0.00143262
0.00111682
0.00113155
0.00118201
0.00133084
0.00134042
0.00121761
0.00113146
0.0012241
0.0011171
0.0011176
0.00109566
0.00115759
0.00116359
0.00106229
0.00115637
0.00125089
0.00118702
0.00118921
0.00127946
0.00121543
0.00132671
0.00117664
0.00122815
0.00138583
0.00117673
0.00113509
0.0013092
0.0011072
0.00107796
0.00110737
0.00108297
0.00119749
0.00116342
0.00117705
0.00138275
0.00121826
0.00106597
0.00117705
0.00133642
0.00186782
0.00121677
0.00111442
0.00139003
0.00121661
0.00141543
0.00105365
0.00118072
0.00131534
0.00124973
0.00120584
0.00119203
0.00136582
0.00131088
0.00108843
0.00105357
0.00102582
0.00111226
0.00123548
0.00151321
0.00131546
0.00115942
0.00172404
0.00111657
0.00160145
0.00139043
0.00107345
0.00106424
0.00122839
0.00120007
0.00138753
0.00112775
0.0010648
0.00105737
0.00107077
0.00107568
0.00106543
0.00106038
0.00115868
0.00106085
0.00108781
0.00105462
0.00160293
0.00106893
0.00157514
0.00109751
0.00143432
0.00108108
0.00123987
0.00109596
0.00104713
0.00107407
0.0012146
0.00109123
0.0012287
0.00122356
0.0010627
0.00110968
0.00106181
0.00107761
0.00119508
0.00121294
0.00139823
0.00103062
0.00111947
0.00123091
0.00121818
0.00103808
0.00150611
0.00113241
0.00105005
0.00110264
0.00110068
0.00122425
0.00127597
0.00114668
0.0014739
0.00120755
0.00121503
0.00116961
0.0013257
0.00128875
0.00112274
0.00120695
0.00122233
0.0013519
0.00179002
0.00123188
0.00154204
0.00196525
0.0010963
0.00107612
0.00125163
0.00107554
0.00109028
0.00119288
0.00121256
0.00105588
0.00130896
0.00116968
0.00108032
0.00119317
0.00133841
0.00120307
0.00184075
0.00134196
0.00183614
0.00107298
0.00174479
0.00136963
0.00115444
0.00113245
0.00125578
0.00135471
0.00109429
0.00120239
0.00111423
0.00153638
0.00128743
0.0012007
0.00114593
0.00123111
0.00123894
0.00112406
0.00109261
0.00109398
0.00137955
0.00179665
0.00155989
0.00148443
0.00116653
0.00106287
0.00123446
0.00113131
0.00126132
0.00119926
0.00111322
0.00120503
0.0010958
0.00118358
0.00116784
0.00113659
0.00137577
0.00119163
0.00108684
0.00120986
0.00106632
0.001188
0.00114803
0.00103901
0.00122877
0.00106497
0.00108095
0.00119071
0.00118468
0.00168276
0.00111903
0.00136248
0.00170855
0.00109666
0.00105855
0.00122532
0.00111555
0.00120758
0.00147886
0.00123423
0.00111451
0.00114771
0.00127129
0.00119228
0.00115158
0.0011242
0.00111671
0.00108775
0.00114136
0.00103936
0.00122442
0.00133904
0.00116893
0.00144746
0.0011296
0.0011399
0.00111093
0.00104676
0.00127821
0.00109706
0.00112235
0.00114587
0.00124706
0.00149638
0.00109939
0.00126498
0.0011032
0.00123964
0.00133607
0.00110212
0.00115255
0.0014063
0.0011498
0.00219953
0.0014429
0.00134999
0.00224786
0.00106262
0.00162365
0.00104336
0.00183399
0.00115187
0.00115541
0.00149519
0.00122934
0.00116276
0.00109441
0.00150618
0.00145677
0.00130638
0.00112553
0.00140466
0.0010849
0.00147905
0.00189803
0.00109212
0.00186573
0.00108363
0.00141994
0.00114997
0.00133677
0.00109795
0.00124499
0.00132505
0.00134852
0.00126534
0.00132621
0.00137709
0.0012786
0.00143063
0.00144991
0.00132666
0.00104858
0.00147289
0.00139028
0.00200943
0.00125926
0.00239187
0.00124466
0.00201998
0.00163007
0.00132501
0.00132672
0.0015256
0.00159354
0.0012261
0.00117075
0.0012918
0.0014434
0.00140074
0.00132478
0.00136008
0.00143889
0.00156833
0.00131594
0.00134215
0.00138384
0.00235115
0.00126602
0.00125088
0.001037
0.00134982
0.00140825
0.00120739
0.00126626
0.00125916
0.00121035
0.00128269
0.00129775
0.00125706
0.00118235
0.00142932
0.00121937
0.00122027
0.00108208
0.00113724
0.00189966
0.00133421
0.00117205
0.00103532
0.00162269
0.00122889
0.00132189
0.00116363
0.00104368
0.00123425
0.00104106
0.00115471
0.00123054
0.00110185
0.00116618
0.0014519
0.0013699
0.00113635
0.00113921
0.00107347
0.00112131
0.000960097
0.00123802
0.00116701
0.00129502
0.00144777
0.00126576
0.00124111
0.00112104
0.00115043
0.0016114
0.00150847
0.00140025
0.00124215
0.00109859
0.0011248
0.00135001
0.00137698
0.00116051
0.00118884
0.0011952
0.00111106
0.000983967
0.00121919
0.00120268
0.00117978
0.00118494
0.00112968
0.00123822
0.00115002
0.00165057
0.00145249
0.00136757
0.00123758
0.00135718
0.00123731
0.00150598
0.00123665
0.00136936
0.00125401
0.00113587
0.00125289
0.0014468
0.00123741
0.00126165
0.00143857
0.0013384
0.00135369
0.00151532
0.00199465
0.00103467
0.0011642
0.00183222
0.00112022
0.0016002
0.00111412
0.00108802
0.00108569
0.00163677
0.00180238
0.00142624
0.00136319
0.00131457
0.00132602
0.00145245
0.00142415
0.00139615
0.00110962
0.00140418
0.0012728
0.00119548
0.00198355
0.00108572
0.00119928
0.00128002
0.00136576
0.00148317
0.00132481
0.00146831
0.00154478
0.00123354
0.00115084
0.00131032
0.00143232
0.00150622
0.00145409
0.00140393
0.00137989
0.0015362
0.0015305
0.00173552
0.00222583
0.00119509
0.00104551
0.00108017
0.00138167
0.00107131
0.00107016
0.00106086
0.00105284
0.0010697
0.00108941
0.00117195
0.00115161
0.00108013
0.00109745
0.00110294
0.00124891
0.00128403
0.00121302
0.00129606
0.00132108
0.00111447
0.00124997
0.00133621
0.00127265
0.00107407
0.00118581
0.00156997
0.00136687
0.00122323
0.00191284
0.00101208
0.000997279
0.00113055
0.00137633
0.0012325
0.00117429
0.00147397
0.0012876
0.00130714
0.00121095
0.00120912
0.00111867
0.00128098
0.00132183
0.00104718
0.00115196
0.00119925
0.00117024
0.00124937
0.00130923
0.00123414
0.00115259
0.00134473
0.00133987
0.00122808
0.00118335
0.00123924
0.00120842
0.00116661
0.00125109
0.00101128
0.00119698
0.00134573
0.00122736
0.00104801
0.00110816
0.00103958
0.00101668
0.00144378
0.00100162
0.00102681
0.00103383
0.00103313
0.00120733
0.00115614
0.00102262
0.00117188
0.00115792
0.00119401
0.00122828
0.00130936
0.00121937
0.00117229
0.00154162
0.00192312
0.00114781
0.00129006
0.00164022
0.00127053
0.00135828
0.0013608
0.00128988
0.00122336
0.00120338
0.00123251
0.00135621
0.00165134
0.00125995
0.00124112
0.00142631
0.00121452
0.00121842
0.00157237
0.00123137
0.00109699
0.00116736
0.00108877
0.00135816
0.00108111
0.00113568
0.00106782
0.00128352
0.00113129
0.00136988
0.00137155
0.00122919
0.00134958
0.00114795
0.00111276
0.00128292
0.00111034
0.00121729
0.00195863
0.00140101
0.00155419
0.00118674
0.00150199
0.00107687
0.00116003
0.00143844
0.00105523
0.0017049
0.00166464
0.0010962
0.00154091
0.00137284
0.00132252
0.00148486
0.00120666
0.0012266
0.00150965
0.00132336
0.00126361
0.00129124
0.00125783
0.00174576
0.00129259
0.00178254
0.0012263
0.0015692
0.00153621
0.00130537
0.00131
0.00133277
0.00148612
0.00129181
0.00127306
0.00114974
0.00133784
0.00123178
0.00142442
0.00136746
0.00167928
0.00118647
0.00139971
0.00139836
0.00132285
0.00133181
0.00132722
0.00126792
0.00129577
0.0013566
0.00125373
0.00134635
0.00140783
0.00107351
0.00135215
0.0013577
0.00130567
0.00131595
0.0014789
0.00136364
0.00132329
0.00106659
0.00108764
0.00136374
0.00107012
0.00126839
0.00147623
0.00136068
0.00151942
0.0013275
0.00150161
0.00114378
0.0014819
0.00119637
0.0015773
0.00110578
0.00126287
0.00105777
0.00152089
0.00158817
0.00158733
0.0011122
0.0016155
0.00129247
0.0015026
0.00123472
0.00144751
0.0014041
0.0012373
0.00128877
0.00166407
0.00120619
0.00106127
0.00122103
0.00109027
0.00162784
0.00108899
0.00132122
0.00141061
0.00114377
0.00106817
0.00110044
0.00105764
0.00143174
0.00118006
0.00139359
0.00139353
0.00109492
0.00131128
0.0012049
0.00166647
0.0014051
0.0012707
0.00126095
0.00111557
0.00137492
0.00121965
0.00144051
0.00111694
0.00147401
0.00107802
0.00127724
0.00155893
0.0011236
0.00139448
0.00162318
0.00130518
0.00129881
0.00140964
0.00109556
0.00120221
0.00123199
0.00134606
0.0012444
0.0017267
0.00146209
0.00117556
0.00141543
0.00153335
0.00157348
0.00128496
0.00116094
0.00131422
0.00111658
0.00139537
0.00112464
0.00133009
0.00139042
0.00143037
0.00127289
0.0011674
0.00114608
0.00107173
0.00138499
0.00143709
0.00133642
0.00130291
0.00140436
0.00126406
0.00145832
0.00135715
0.00163341
0.00110838
0.00110881
0.00112294
0.00124074
0.00116007
0.00153248
0.00111665
0.00111955
0.00146287
0.00111672
0.00146496
0.00140079
0.00139396
0.0010511
0.00113387
0.00107384
0.00107085
0.00146445
0.00109417
0.00115518
0.00110898
0.00166487
0.00133977
0.00141312
0.00108232
0.00109852
0.00106876
0.00138528
0.0014082
0.00163732
0.00141256
0.00114748
0.0010626
0.00163759
0.00140298
0.00147102
0.00109656
0.00130175
0.00105953
0.00112848
0.00113691
0.00106654
0.00126724
0.00130071
0.00123747
0.0011637
0.00107742
0.00115328
0.00119962
0.00112765
0.00120913
0.00120724
0.00108954
0.00131489
0.00125797
0.00117381
0.00111238
0.00168006
0.00107227
0.00107618
0.00109132
0.00116103
0.00108487
0.00159236
0.00108705
0.00117764
0.00155032
0.00175782
0.00115127
0.00112828
0.00138582
0.00123475
0.00132248
0.00108226
0.00129044
0.00145936
0.00135997
0.00121333
0.00108033
0.00118639
0.00111229
0.00155912
0.00113234
0.00116976
0.00107627
0.00145102
0.00127093
0.00115299
0.00109921
0.00110896
0.0011293
0.00168345
0.00108858
0.00116736
0.00117384
0.00117169
0.00117004
0.00113927
0.00118433
0.00111902
0.00115452
0.00115061
0.00123084
0.00143811
0.0014705
0.00116332
0.00110205
0.00133348
0.00113646
0.00149321
0.0010962
0.0014539
0.00113431
0.00157193
0.0011307
0.00164584
0.0010866
0.00146269
0.00113991
0.00108414
0.00107618
0.0012195
0.00111322
0.00112256
0.00114981
0.00165863
0.00110685
0.00113575
0.0011277
0.00139273
0.00159424
0.00123309
0.00110963
0.00145453
0.00146179
0.00119373
0.0013361
0.001229
0.00135778
0.00136878
0.00133749
0.00116274
0.00108359
0.00138924
0.00140001
0.00105152
0.00131123
0.00120328
0.00108797
0.00155185
0.00114075
0.00112022
0.001086
0.0014178
0.00109064
0.00107851
0.00111709
0.00146831
0.00130919
0.00106802
0.00104307
0.00107197
0.00115693
0.00108017
0.00106914
0.00110121
0.00123997
0.00115888
0.00108346
0.00112637
0.0011317
0.00102664
0.00104599
0.00118743
0.00107234
0.00142354
0.0010483
0.00142964
0.00137062
0.00130516
0.00117566
0.00146405
0.00155526
0.00103897
0.00110831
0.00109601
0.00130844
0.00108258
0.00101796
0.00134362
0.00100332
0.00134694
0.00125182
0.00128403
0.00129031
0.000996852
0.0010197
0.00100102
0.00114433
0.00125689
0.00109888
0.00100512
0.00106287
0.00100511
0.00101798
0.00101393
0.00103923
0.00100758
0.00109484
0.00101565
0.000992183
0.00115622
0.00103413
0.00140171
0.00128287
0.000998311
0.00104904
0.00100414
0.000998436
0.000976096
0.000983536
0.00145018
0.00131181
0.000990741
0.00103142
0.00126299
0.00113544
0.00102898
0.00105452
0.00109097
0.00130637
0.00126971
0.00107397
0.00112382
0.00136238
0.00103741
0.00102145
0.00169161
0.00101265
0.00111194
0.00118847
0.000988838
0.0010028
0.000994725
0.00101041
0.00118997
0.00136752
0.0010781
0.00103395
0.00126239
0.00152002
0.00117155
0.00104696
0.00138768
0.00143782
0.00121301
0.00131905
0.00129189
0.00101777
0.00104919
0.00107294
0.00133521
0.00161271
0.001199
0.00135819
0.00106163
0.00138213
0.00116477
0.00135943
0.00117434
0.00169851
0.00110084
0.00110221
0.00142019
0.00136145
0.00145294
0.00133445
0.0012462
0.00143235
0.00116594
0.00142822
0.00148763
0.00128474
0.00145295
0.00127721
0.0013411
0.00115868
0.00117588
0.00126034
0.00146256
0.00123028
0.00123547
0.00116494
0.00113975
0.00112445
0.00145715
0.00157541
0.0016575
0.00115237
0.00158631
0.00118326
0.00111473
0.00116262
0.00134197
0.00120503
0.00138381
0.00114639
0.00115219
0.00159173
0.00120324
0.00112666
0.00120776
0.00119304
0.00152881
0.00116333
0.001329
0.00116075
0.00117085
0.00146746
0.00127758
0.00149098
0.00137996
0.00142799
0.00163482
0.00134882
0.00139137
0.00137336
0.0013803
0.00117185
0.00134239
0.00137764
0.00144591
0.00132793
0.00114804
0.00122176
0.00135703
0.00126829
0.00138534
0.00136999
0.00127429
0.00152793
0.00128102
0.00162518
0.00137947
0.00127666
0.00140636
0.00158978
0.00115379
0.0012544
0.00115331
0.0011339
0.00132479
0.00148535
0.0012329
0.00152393
0.00139795
0.00140574
0.00143259
0.00175162
0.00112577
0.00137698
0.00135362
0.00144341
0.00144067
0.00136155
0.00119662
0.0011382
0.00138887
0.00131108
0.00128527
0.0014309
0.00132784
0.00149954
0.00130098
0.00142285
0.00128274
0.00171401
0.00124942
0.00129181
0.00127657
0.0012864
0.00131995
0.00147872
0.00136102
0.001242
0.00123603
0.00122836
0.00122528
0.00145019
0.0013097
0.00165509
0.00146203
0.00166786
0.00147205
0.00114282
0.00121247
0.00124189
0.00130551
0.00109921
0.00142741
0.00137837
0.00125351
0.00133335
0.00131286
0.00137315
0.00136493
0.00132528
0.00127315
0.00144816
0.0014005
0.00136433
0.00163261
0.00134435
0.00131703
0.00157428
0.00130412
0.00136071
0.00111707
0.0014049
0.00108911
0.00117354
0.00107996
0.00113287
0.00148394
0.00111394
0.00113955
0.0011305
0.00108761
0.001217
0.00142943
0.00156723
0.00146485
0.00141945
0.00134112
0.00125336
0.00135856
0.00134585
0.00136977
0.00139324
0.00133265
0.00144525
0.0010544
0.00126549
0.00122518
0.0011013
0.001419
0.00189525
0.00147105
0.00139933
0.00103069
0.0011445
0.00135247
0.00138793
0.00142291
0.00108596
0.00110184
0.00138117
0.00133918
0.00143757
0.00108158
0.00105562
0.00136472
0.00112277
0.00135426
0.00165349
0.00133926
0.00125963
0.00136893
0.00125213
0.00119908
0.00106929
0.00141792
0.00133373
0.00145029
0.00125613
0.00145838
0.00168306
0.00107762
0.00108351
0.00105784
0.00108884
0.00108843
0.0010951
0.00147373
0.00132902
0.00123582
0.00151782
0.00143162
0.00108246
0.00105557
0.00109713
0.00104462
0.00108019
0.00132387
0.00110305
0.00136214
0.00127191
0.00108779
0.00149191
0.00104446
0.00106367
0.00103213
0.00111166
0.00110326
0.00128981
0.00162869
0.0012235
0.00143184
0.00145589
0.00117838
0.00127866
0.00132236
0.00130473
0.00131198
0.00130864
0.00129911
0.00141416
0.00130254
0.00106598
0.0012738
0.00125714
0.00107461
0.00146314
0.00105043
0.00131869
0.00137009
0.00135103
0.00133918
0.00140212
0.00125746
0.00157108
0.00108108
0.00135344
0.00178445
0.00173356
0.00155518
0.00118799
0.00109219
0.00117198
0.00111931
0.00144651
0.00106145
0.00107167
0.00128022
0.00149952
0.00109941
0.00141289
0.0013756
0.00151306
0.00158378
0.00161656
0.0016649
0.00115751
0.00134875
0.00106716
0.00108272
0.00111023
0.00142406
0.0013038
0.00115048
0.00148674
0.00115095
0.00137585
0.0014085
0.00115392
0.00147916
0.00138499
0.00119418
0.00109076
0.00106555
0.00113346
0.00136178
0.00132281
0.00114677
0.0011465
0.00119578
0.00109608
0.00107938
0.0010685
0.00147406
0.00156059
0.00109485
0.00107307
0.00120947
0.00146737
0.00136317
0.00140161
0.00130783
0.00114767
0.0010701
0.00105798
0.00139841
0.00106046
0.00109359
0.001301
0.00122489
0.00130295
0.00110918
0.00150143
0.00133323
0.00106405
0.00107997
0.00107819
0.00131756
0.00123829
0.00135496
0.00109718
0.00107005
0.00108713
0.00149557
0.00108294
0.00110074
0.0011413
0.00112529
0.00174434
0.00113333
0.00109132
0.00141038
0.00108962
0.0010665
0.00115514
0.00110024
0.00110939
0.0014092
0.00112513
0.00110248
0.00107656
0.00110297
0.00108668
0.00111209
0.00111852
0.00107322
0.00111818
0.00111035
0.00108537
0.00176086
0.00109412
0.00135095
0.00110257
0.00110726
0.00107812
0.00147998
0.001428
0.00110653
0.00112963
0.00113255
0.00106677
0.00110037
0.00113358
0.00117202
0.00108082
0.00119504
0.00109843
0.00150886
0.00157284
0.00147198
0.00133269
0.0010998
0.00170539
0.00121126
0.00108674
0.00136433
0.00109055
0.00135359
0.00108308
0.0012998
0.00110581
0.00145897
0.00110863
0.0013647
0.00141248
0.00108141
0.00108633
0.00139685
0.00109103
0.00144734
0.00128791
0.00129739
0.00113336
0.00134322
0.00142343
0.00109985
0.00114529
0.00125373
0.00112356
0.00106811
0.00112694
0.00107876
0.00113287
0.00108888
0.00113385
0.00120939
0.00120961
0.00146685
0.001226
0.00137932
0.00160244
0.00162009
0.0013954
0.00109165
0.0010975
0.0011315
0.00133339
0.00105613
0.00127829
0.00106666
0.00141967
0.00131069
0.00150603
0.00138728
0.00113246
0.00109415
0.00110482
0.0018257
0.00133369
0.0015421
0.00167285
0.00142795
0.00121134
0.00118775
0.00117358
0.00132036
0.00110374
0.00117553
0.00117151
0.00126416
0.00134657
0.00141885
0.0010808
0.00128498
0.00109019
0.00109951
0.0017792
0.00142141
0.00143422
0.00108486
0.00113966
0.00115263
0.00110896
0.00146904
0.00108655
0.00128007
0.00167265
0.0011477
0.0011009
0.00113868
0.00119648
0.00110468
0.00133497
0.0010752
0.00124918
0.0018006
0.0012401
0.00115489
0.00118847
0.00170424
0.00109942
0.00109431
0.0012926
0.00147125
0.00107936
0.00146365
0.00149341
0.00118813
0.00126767
0.00116564
0.00120051
0.00141341
0.00118353
0.00126717
0.00155081
0.00119002
0.00138077
0.00117467
0.00145971
0.00112256
0.00137071
0.00109533
0.00113046
0.00112495
0.00115082
0.00137627
0.00111955
0.0011801
0.00124322
0.00129388
0.00122944
0.00117225
0.00109265
0.00107872
0.00108637
0.00108867
0.00111465
0.00138305
0.00173244
0.00175215
0.00107592
0.00138715
0.00137502
0.00137637
0.00109816
0.00132712
0.00118811
0.00132951
0.00126231
0.00134745
0.00140012
0.00114836
0.00111292
0.00109886
0.00125993
0.00111973
0.00130142
0.00139164
0.00163572
0.001218
0.0012683
0.00108811
0.0011146
0.00126219
0.00112695
0.00141538
0.001422
0.00108288
0.00112548
0.00115273
0.00141896
0.00142331
0.00109496
0.00120858
0.00182138
0.00136534
0.0013651
0.0010817
0.00147988
0.00140817
0.00111301
0.00145011
0.00107276
0.00107779
0.00112959
0.00110614
0.00130981
0.00138689
0.00113054
0.0013948
0.00108415
0.00156671
0.00108579
0.00109037
0.00108662
0.00137446
0.00145031
0.001112
0.00111923
0.00112088
0.00115583
0.0011105
0.00107334
0.00174948
0.00125847
0.00119485
0.00110639
0.00117728
0.00111219
0.00110272
0.00106274
0.00152187
0.001109
0.00112428
0.00157374
0.00109396
0.00107046
0.00110459
0.00111873
0.00115294
0.00108749
0.00116324
0.00114827
0.00112506
0.00107165
0.00146943
0.0015329
0.00170807
0.00106825
0.00120433
0.00113635
0.00120578
0.00115893
0.00114817
0.00113208
0.00123594
0.00147133
0.00157168
0.00106473
0.00106251
0.00108146
0.00107647
0.00108531
0.00108051
0.00108259
0.00108456
0.00107511
0.00135747
0.00127084
0.00113733
0.00112988
0.00113186
0.0010777
0.00110802
0.00108183
0.00109026
0.00133214
0.0013742
0.00137312
0.00107227
0.00133263
0.00112591
0.00131378
0.00115419
0.00129265
0.00133835
0.0011902
0.00146229
0.00107412
0.0015235
0.00146119
0.00149203
0.00112231
0.00146455
0.00112607
0.00109766
0.00108341
0.00113493
0.00132072
0.00164947
0.00156097
0.00132533
0.00107383
0.00113038
0.00145493
0.00172908
0.00111874
0.00141328
0.00106825
0.00139796
0.00124508
0.00107427
0.00147726
0.00118195
0.00114296
0.00108812
0.00108686
0.00110634
0.00135291
0.00108856
0.00110969
0.00112005
0.00106347
0.00136637
0.00177434
0.00140937
0.00109669
0.00133405
0.00110398
0.00144934
0.00159221
0.00120124
0.00105566
0.00145385
0.00104895
0.00123224
0.00107765
0.00108447
0.00153089
0.0011004
0.00109629
0.0011235
0.00111383
0.00107927
0.00109965
0.00115045
0.00110135
0.00108885
0.00110438
0.00112917
0.00144463
0.0012499
0.0011996
0.00112693
0.00115333
0.00113981
0.0012924
0.00111899
0.00121726
0.00124792
0.00114587
0.00150846
0.00108617
0.00152252
0.00135085
0.00134498
0.00108958
0.00106608
0.00147299
0.00114435
0.00107901
0.00140307
0.00115243
0.00162593
0.00113013
0.00145563
0.00109697
0.00145583
0.00110566
0.0010729
0.00108611
0.00108511
0.00118445
0.00104597
0.00128848
0.0013276
0.00118453
0.00140682
0.00117355
0.00121712
0.00108154
0.00140781
0.00113288
0.0010503
0.00110339
0.00112096
0.00127395
0.00129584
0.00133173
0.0010646
0.00118399
0.00112035
0.00107936
