0.00555662
0.00402963
0.00384867
0.00369633
0.00385316
0.00346512
0.00385608
0.00443838
0.00345548
0.00329962
0.00399065
0.00367907
0.00350991
0.00352682
0.00333631
0.00368203
0.00265509
0.00270817
0.00291339
0.00269569
0.00266596
0.00261725
0.00291844
0.00260232
0.00345013
0.00359271
0.00280109
0.00294074
0.0024566
0.00263962
0.00249723
0.00259777
0.00249414
0.00238723
0.00284829
0.00254339
0.00240396
0.00247392
0.00291747
0.0025307
0.00300963
0.0025054
0.00260145
0.00276011
0.00299471
0.0033991
0.00284122
0.00345672
0.00356132
0.00306405
0.00266943
0.00312552
0.00324991
0.00318135
0.00371194
0.00409069
0.00398324
0.0035855
0.00382076
0.00416391
0.00427424
0.00494485
0.00509756
0.00546546
0.00527308
0.00490861
0.00528341
0.00523491
0.00707575
0.00695227
0.00630953
0.00691056
0.00757656
0.00807764
0.00772203
0.00887753
0.00745492
0.0078012
0.00806927
0.00778431
0.00671905
0.00624686
0.00722931
0.0090753
0.00729556
0.00881526
0.00774175
0.0079691
0.00804433
0.00862427
0.00729172
0.00754983
0.00688939
0.00642163
0.00742309
0.00648719
0.0064721
0.0068793
0.00625024
0.00610427
0.00603925
0.00626877
0.00648155
0.00622083
0.00617286
0.00696073
0.00659641
0.00628138
0.00560596
0.00596549
0.00549971
0.00593219
0.00595485
0.00684632
0.00570894
0.00574457
0.00579938
0.00565315
0.00630673
0.00775338
0.00582332
0.00663842
0.00693225
0.0060583
0.00561858
0.0064571
0.00652166
0.00606152
0.00630835
0.00659834
0.00591813
0.00576253
0.00689025
0.00738545
0.00670414
0.00631404
0.00760602
0.00753066
0.00723017
0.0074512
0.00765936
0.00793534
0.00807806
0.00863509
0.00829112
0.00822599
0.00765845
0.00763401
0.00745571
0.00783289
0.00707508
0.00720234
0.00742583
0.00750399
0.00679995
0.00920144
0.00725956
0.00724811
0.00795663
0.00794318
0.00970275
0.00930278
0.00768264
0.00760649
0.00719145
0.00770429
0.00695
0.00763663
0.00810805
0.00632786
0.00626022
0.00725016
0.00821877
0.0068974
0.00713773
0.00744292
0.00741178
0.00678721
0.00717909
0.00821717
0.00794293
0.0080634
0.0071356
0.00670577
0.00696234
0.00678278
0.00804367
0.00689648
0.0068877
0.00854404
0.00829581
0.00778997
0.0107402
0.00905551
0.00881237
0.00907319
0.00706316
0.00788367
0.00792811
0.00769462
0.00763204
0.00718439
0.00803452
0.0072795
0.00734843
0.00746564
0.00745615
0.00733938
0.00775082
0.00928645
0.00763934
0.00904032
0.00838476
0.00726634
0.00995292
0.00878598
0.00822443
0.00742976
0.00723202
0.0086529
0.00757458
0.00763589
0.00787921
0.00896282
0.00913032
0.0065998
0.00877393
0.00747031
0.00691319
0.00674201
0.00795161
0.00660035
0.0059386
0.00756625
0.00654799
0.00621729
0.00697824
0.00625981
0.00586059
0.00580148
0.00527081
0.00449638
0.0043188
0.00458567
0.00453339
0.00481825
0.00473795
0.0045949
0.00516376
0.00450897
0.0046452
0.00388318
0.00444082
0.00513038
0.00437984
0.00390613
0.00437842
0.00473063
0.00493505
0.004791
0.00441077
0.00594599
0.00502374
0.00529456
0.00493181
0.00450142
0.00655851
0.00608314
0.00574844
0.00640489
0.00662932
0.00684
0.00764793
0.00810236
0.00700627
0.00819496
0.00694019
0.00662765
0.00578511
0.00579542
0.00611095
0.00477745
0.00563213
0.00502947
0.00505926
0.00501343
0.00474029
0.00562761
0.00509464
0.00579289
0.00564339
0.00505608
0.00619088
0.00607205
0.00665928
0.00591915
0.00598497
0.00583807
0.00530526
0.00536204
0.00706648
0.00653137
0.00584788
0.00642908
0.00601844
0.00587537
0.00592119
0.00756507
0.00666739
0.00687503
0.00581462
0.0061143
0.0059241
0.00772071
0.0063666
0.00695149
0.00562106
0.00640942
0.00594693
0.00620753
0.00562418
0.00745535
0.00618114
0.0061337
0.00578445
0.00619174
0.00594516
0.00554199
0.00581376
0.00658984
0.00610651
0.00632615
0.00593903
0.00627958
0.00606055
0.00666119
0.00757554
0.00616599
0.00625395
0.00621832
0.00660811
0.00582376
0.00579032
0.00591988
0.00576336
0.00555026
0.00578114
0.00683699
0.00618196
0.00592956
0.0059725
0.00744565
0.0058622
0.00796791
0.00562339
0.00643629
0.00773997
0.00666571
0.00634715
0.0062596
0.00625174
0.0059363
0.00524699
0.00509171
0.00473734
0.00469159
0.00560081
0.00574703
0.0064353
0.00617356
0.00592249
0.00597216
0.00577074
0.00651747
0.00717978
0.00623563
0.00681312
0.00689407
0.00654411
0.00674882
0.00687973
0.00654934
0.00619306
0.00712924
0.00590725
0.00707038
0.00629076
0.00590599
0.0065462
0.00596415
0.00640383
0.005893
0.00621837
0.00585621
0.00564782
0.0066858
0.00596783
0.00653968
0.00583893
0.00574811
0.00598429
0.00580247
0.00694592
0.00590218
0.00668105
0.0058428
0.00678361
0.00639006
0.00632957
0.00620501
0.00663003
0.00584656
0.00578237
0.00576891
0.00613209
0.00604219
0.00701649
0.00640547
0.0060467
0.00531851
0.00513358
0.0052802
0.00531764
0.00612167
0.00511955
0.00581568
0.00551879
0.00574322
0.00558274
0.0060224
0.00555874
0.006051
0.00576025
0.0059912
0.0060473
0.00560918
0.00554023
0.00582747
0.00571195
0.00592417
0.00534369
0.00565221
0.00536865
0.00508992
0.0050218
0.00535579
0.0071526
0.00613707
0.00646089
0.00611797
0.0061555
0.00527967
0.00549386
0.00548153
0.00549645
0.00582515
0.00565442
0.00491736
0.0049536
0.00511465
0.00465996
0.00477005
0.0051598
0.00528649
0.00445466
0.00455043
0.00422228
0.00459433
0.0040279
0.00377875
0.00351009
0.0038449
0.00385938
0.00390916
0.00392782
0.00372269
0.00383511
0.00362687
0.00355352
0.00377474
0.00328891
0.00341791
0.00357158
0.00398371
0.00336635
0.00385683
0.00343993
0.00358613
0.00413747
0.00369805
0.00348777
0.00398421
0.00332703
0.00341054
0.00407535
0.00336166
0.00401652
0.00386898
0.00384968
0.00398378
0.0040142
0.00473154
0.00538926
0.00552188
0.0047967
0.00497738
0.00485358
0.00496406
0.00599708
0.00619042
0.00625469
0.00560451
0.00605106
0.00673184
0.00561158
0.0053138
0.00605418
0.00602344
0.00551591
0.00544647
0.00463871
0.00496065
0.00456221
0.00470348
0.00446847
0.00437751
0.00451979
0.004137
0.00473244
0.00393213
0.00424477
0.00365313
0.00419699
0.00365477
0.00371669
0.00379472
0.00432418
0.00395057
0.00371953
0.00413227
0.00418724
0.00411029
0.00413469
0.00389797
0.00376528
0.00378193
0.00403356
0.00404376
0.00396618
0.00405391
0.00477287
0.00439474
0.00444693
0.0049607
0.00430759
0.00428261
0.00501848
0.00414477
0.00512501
0.00412393
0.00449392
0.00442959
0.00436649
0.00377873
0.00394554
0.00439458
0.00439449
0.00457888
0.00442471
0.00537232
0.00421788
0.00455189
0.0045565
0.00533965
0.0053117
0.00494845
0.00595701
0.00602311
0.00701695
0.00764192
0.00588923
0.00660573
0.00687919
0.00609393
0.00550929
0.00675798
0.00665259
0.0068559
0.00610107
0.00692591
0.00618064
0.00715565
0.00690796
0.00677863
0.00575651
0.00613965
0.00690554
0.00551284
0.00699791
0.00682136
0.00780332
0.00671375
0.0066271
0.00650617
0.00668895
0.00568317
0.00614231
0.00594999
0.00548816
0.00503509
0.00594419
0.00520399
0.00580804
0.00536681
0.00508223
0.00518286
0.005671
0.00575627
0.00588705
0.00588704
0.00628434
0.00610196
0.00523225
0.00573128
0.00580517
0.00678397
0.00611433
0.00622742
0.00597986
0.00559112
0.00593079
0.00565312
0.00610642
0.00576975
0.00600661
0.00619816
0.00576444
0.00597301
0.00688038
0.00587572
0.00594512
0.00627949
0.00634042
0.00591535
0.00610235
0.00575018
0.00574767
0.00597574
0.00549242
0.00605903
0.0060025
0.00555731
0.00559786
0.00602951
0.00651899
0.00573361
0.00615933
0.00589669
0.00610947
0.0061854
0.00657797
0.0058108
0.00595119
0.0060314
0.00615976
0.00575021
0.00532683
0.00648578
0.00618622
0.00611433
0.00553805
0.00557961
0.00559399
0.00526624
0.00602964
0.00607184
0.00518849
0.00535558
0.00580944
0.00551421
0.0074528
0.0074872
0.00611068
0.00717689
0.00527038
0.00548803
0.00484148
0.00492625
0.00510783
0.0061069
0.00592825
0.00703073
0.00668605
0.00690006
0.00664644
0.00606293
0.00563241
0.00626299
0.00591172
0.00483405
0.00533359
0.00534053
0.00529136
0.00539203
0.00539199
0.00521587
0.00549361
0.00568932
0.00532534
0.00553004
0.00598247
0.007764
0.00604138
0.00631181
0.00737807
0.00631399
0.00662299
0.00760653
0.00688159
0.00633773
0.00710695
0.00643381
0.00615262
0.00672871
0.00786145
0.00749315
0.00611678
0.00558923
0.00511312
0.00549732
0.00549602
0.00542485
0.00492256
0.00496462
0.00611833
0.00634889
0.00589097
0.00700408
0.0060262
0.00520113
0.00562472
0.00495757
0.00539895
0.00559998
0.00442257
0.004669
0.00486055
0.00514074
0.0057786
0.00567591
0.00570225
0.00532597
0.00567806
0.00560589
0.00582349
0.00585353
0.00566417
0.00563175
0.00568511
0.00460044
0.00543748
0.00494438
0.00527349
0.0046358
0.00460073
0.00437505
0.00514211
0.0045737
0.00628641
0.00589843
0.00578622
0.0051173
0.00559343
0.00542765
0.00572653
0.00520446
0.00614171
0.0055177
0.00498902
0.00494468
0.00487027
0.00546176
0.00467568
0.00507599
0.00532805
0.00459478
0.0047847
0.00441577
0.00411276
0.0050407
0.0047037
0.00493406
0.00554165
0.00485348
0.00498201
0.00506025
0.00509566
0.0047189
0.00549497
0.00605247
0.0056477
0.00481915
0.00471382
0.00475897
0.00533569
0.00460256
0.00465688
0.00528908
0.00582037
0.00552851
0.00489378
0.0047237
0.00632632
0.00484422
0.00599352
0.00622154
0.00577092
0.00581057
0.00626388
0.00565206
0.00693438
0.00509241
0.00605894
0.00639681
0.0072324
0.00597557
0.00598698
0.00675383
0.00577003
0.00661275
0.0056963
0.0059692
0.00629881
0.00622758
0.00703305
0.00693886
0.00664391
0.00639394
0.00681565
0.00751938
0.00680931
0.00725697
0.00690961
0.00770288
0.00704152
0.00647488
0.00613211
0.00840993
0.00766309
0.00664832
0.00660664
0.00774092
0.00857703
0.00855147
0.00812647
0.00803444
0.00716434
0.00840267
0.00806903
0.00848114
0.00867002
0.00948109
0.00864755
0.00749832
0.00655873
0.00722238
0.00706916
0.00712086
0.00893959
0.00809887
0.00811546
0.00743055
0.00725131
0.00762923
0.0068885
0.00754855
0.00724681
0.00807753
0.00840401
0.00800641
0.00898733
0.00697515
0.00752015
0.00769558
0.00825434
0.00692749
0.00696242
0.00688422
0.00767709
0.00673319
0.00651202
0.00684039
0.00697401
0.00732431
0.00693108
0.00772447
0.00782329
0.00741481
0.00805365
0.0076662
0.00699904
0.00730289
0.00823444
0.00771984
0.0069688
0.00693767
0.00766824
0.00784307
0.00737587
0.00790125
0.00795896
0.00822184
0.00581756
0.00801714
0.00605724
0.00725384
0.00721437
0.00615323
0.00660409
0.007835
0.00703756
0.0067129
0.00933793
0.00672175
0.00670429
0.00657695
0.00668391
0.0072568
0.00769785
0.0067272
0.00649819
0.0069899
0.00795468
0.00699316
0.00665021
0.00618571
0.00657523
0.00711045
0.0065666
0.00779325
0.00812257
0.00828994
0.00784883
0.00796175
0.00895312
0.0066712
0.00653962
0.006688
0.00676012
0.0066956
0.00757514
0.00819516
0.00691461
0.006759
0.00726135
0.00589144
0.00604849
0.00668835
0.00652558
0.0076063
0.00628385
0.00680955
0.00588237
0.00663205
0.00695203
0.00689245
0.00654796
0.00709876
0.00648559
0.00653635
0.0068504
0.00685707
0.00682067
0.00682462
0.00693337
0.00700825
0.00750946
0.00641938
0.00641507
0.00622719
0.00658982
0.00676505
0.00655378
0.00687586
0.00691624
0.00558375
0.00638864
0.00599982
0.00587443
0.00593264
0.0058965
0.00653652
0.00609174
0.00628561
0.00604622
0.0061105
0.00761656
0.00615873
0.00599891
0.00653674
0.00643898
0.00656389
0.00602392
0.00625098
0.00771848
0.00699085
0.00620756
0.0067899
0.00668578
0.00755831
0.00558123
0.0059707
0.00646079
0.0064923
0.00624083
0.00640582
0.00683836
0.00703387
0.00672255
0.00579142
0.00713311
0.00586671
0.00750709
0.00732267
0.00655954
0.00602492
0.00675811
0.00619695
0.00654909
0.00634973
0.00697578
0.00797832
0.00618294
0.00603202
0.00632767
0.00562407
0.00590018
0.00622587
0.00582403
0.0068403
0.00597149
0.00625639
0.00666721
0.00640904
0.00582692
0.00715274
0.00765713
0.00672485
0.00695209
0.00618816
0.00606544
0.00701054
0.00738961
0.00695943
0.00687426
0.00694799
0.0076244
0.00686343
0.00630302
0.00713272
0.00662949
0.00570493
0.00691119
0.00644967
0.0062569
0.00553245
0.00755897
0.00544491
0.00644983
0.00564454
0.00682894
0.00649819
0.00660581
0.0063103
0.00650561
0.00621209
0.00674063
0.00751439
0.00696329
0.00723073
0.00722123
0.00731455
0.00809429
0.00666132
0.00644423
0.00720367
0.00670544
0.00540633
0.00701119
0.00738255
0.00681901
0.00740629
0.00684904
0.00836706
0.00621152
0.00779124
0.00719233
0.00570785
0.00617008
0.00726266
0.0064088
0.00665221
0.00632509
0.00708105
0.00892266
0.00653977
0.00686388
0.00732914
0.00680686
0.0060226
0.00710586
0.00636935
0.00770021
0.00690799
0.00656521
0.00647661
0.00670815
0.00583287
0.00637897
0.00794807
0.00622103
0.00608086
0.00637389
0.00558715
0.00744935
0.00643192
0.00567863
0.00911463
0.00707495
0.00694561
0.00670558
0.00771332
0.00765498
0.00673243
0.00719889
0.00700336
0.00743208
0.00654858
0.00638956
0.00634686
0.00611504
0.0087249
0.00609155
0.00550614
0.00670137
0.00640008
0.00622706
0.00610649
0.00800074
0.00662239
0.00691366
0.00700686
0.00593547
0.00585923
0.00632659
0.00631353
0.00656101
0.00666699
0.00583312
0.00590068
0.00623993
0.00697382
0.00729266
0.00683227
0.00733272
0.00699535
0.00532005
0.00931484
0.0080985
0.00769916
0.00728065
0.00541127
0.00644237
0.0059102
0.00624738
0.00660231
0.00651876
0.00747615
0.00693191
0.00695329
0.00618845
0.00639163
0.00683456
0.00637954
0.00543052
0.0066676
0.00564116
0.00626441
0.0056075
0.00654289
0.00634857
0.00739188
0.00657307
0.00719649
0.0065808
0.00604276
0.00672391
0.00626369
0.00743898
0.00692942
0.00924254
0.0074921
0.00817107
0.00625353
0.00642463
0.00674362
0.00534412
0.00645361
0.00519821
0.00601783
0.00528806
0.00726311
0.00676653
0.00632529
0.00605027
0.00727415
0.00618811
0.00669543
0.00711987
0.00606496
0.00604536
0.00622756
0.00644263
0.00754169
0.00650922
0.00618122
0.00725383
0.00618498
0.00647214
0.0067241
0.0065776
0.00709811
0.00644904
0.00547789
0.00712122
0.0056333
0.00667062
0.00619225
0.00651413
0.00742856
0.00617349
0.00606492
0.00667331
0.00716253
0.00684136
0.00657497
0.00660354
0.00764222
0.00714699
0.00596311
0.00666907
0.00684222
0.00718229
0.00571924
0.0063267
0.00527433
0.00623784
0.00718409
0.00648495
0.00661395
0.00730784
0.00697853
0.00678444
0.00777818
0.00700548
0.00580691
0.00605088
0.00739526
0.00710589
0.00634796
0.00672423
0.00765699
0.00620979
0.00627858
0.00701229
0.00535913
0.00650797
0.00622482
0.00628555
0.00743044
0.00671096
0.00683471
0.00653276
0.00612134
0.00682894
0.00721753
0.00668993
0.00774913
0.00653538
0.00684922
0.00867175
0.00606256
0.00640425
0.00574139
0.00710432
0.00687802
0.00609951
0.00669533
0.00664025
0.00731308
0.00909352
0.0067098
0.00627277
0.00777732
0.00725579
0.00690549
0.00662676
0.00767578
0.00735363
0.00716247
0.00554795
0.0075574
0.00524969
0.00570191
0.00650661
0.00724527
0.00733736
0.00563626
0.00696229
0.00763038
0.00914885
0.00761419
0.00748696
0.0071287
0.0072253
0.00630781
0.00657158
0.00582115
0.00622659
0.00616434
0.00609309
0.00603778
0.00640742
0.00539064
0.00882226
0.00688786
0.00634235
0.00560494
0.00601378
0.00624971
0.00637443
0.0056722
0.00564647
0.00599202
0.00643215
0.006174
0.00579011
0.00579942
0.00629931
0.00591769
0.00611365
0.00633111
0.00531124
0.00713174
0.00556013
0.00607423
0.00553976
0.00603631
0.00638945
0.00720063
0.00798795
0.00620311
0.00655579
0.00817308
0.00767384
0.00756962
0.00700694
0.00625661
0.00756784
0.0065077
0.00654614
0.00598791
0.00717593
0.00611207
0.00546274
0.00715776
0.00677195
0.00683688
0.00587753
0.00511669
0.00650325
0.00557936
0.00569415
0.00623777
0.00707226
0.00575043
0.00568028
0.00642145
0.0068466
0.00646794
0.00646323
0.00647185
0.00654119
0.00596543
0.00680165
0.00641638
0.00636837
0.00608895
0.00636985
0.0063897
0.00659466
0.00595983
0.0057955
0.0058009
0.00588949
0.00587474
0.00674424
0.00625506
0.00619568
0.00614842
0.00676514
0.00567793
0.00505966
0.00576548
0.00546794
0.00784741
0.00698253
0.00606864
0.006008
0.0061882
0.00616627
0.00622674
0.00565307
0.00647613
0.00619505
0.00669725
0.00594934
0.00558889
0.00514611
0.00616196
0.0059904
0.0062988
0.00712456
0.00663436
0.00681426
0.00578651
0.0065695
0.00592603
0.00622728
0.0058687
0.00550143
0.00591833
0.00552151
0.00586372
0.00614876
0.0057603
0.00505807
0.00601565
0.0074035
0.00639735
0.00641516
0.00710355
0.00751129
0.00648291
0.00736384
0.00747978
0.00709858
0.00654784
0.0064131
0.00767603
0.00859699
0.00707815
0.00729352
0.00726445
0.00737544
0.00639023
0.0070347
0.00716399
0.00678853
0.00632092
0.0072415
0.00674695
0.00659787
0.00641075
0.00621934
0.00557992
0.00572791
0.00627082
0.00764268
0.00747422
0.00761573
0.00767428
0.00756957
0.00772692
0.00766799
0.00837481
0.00748212
0.00754716
0.00720509
0.00789203
0.00734088
0.00625519
0.00767913
0.00668859
0.00763182
0.00643692
0.0079053
0.00816952
0.00734241
0.00812241
0.00844585
0.00771725
0.00867161
0.00835613
0.00764256
0.00687456
0.00804832
0.00940521
0.00685005
0.00733377
0.00769012
0.00883571
0.0069356
0.00665027
0.0076072
0.0068003
0.00720446
0.0069129
0.0075158
0.00740192
0.00764091
0.00795484
0.00781352
0.00797433
0.00758784
0.00697582
0.00824161
0.00725359
0.00727358
0.00772898
0.00715513
0.00729286
0.00762795
0.0080558
0.00787152
0.00826039
0.00805006
0.00738811
0.0078954
0.00843394
0.00843889
0.00842041
0.00799921
0.0104086
0.00834908
0.00964129
0.0094076
0.00918685
0.00931473
0.00971246
0.00856985
0.0094796
0.00757297
0.00920418
0.00891707
0.00693712
0.00784595
0.0064717
0.00661177
0.00910406
0.00702103
0.00802943
0.00757448
0.00819988
0.00683542
0.00732652
0.00772049
0.0076908
0.00730603
0.00889217
0.00874142
0.00866366
0.00808119
0.00839066
0.00876723
0.0072486
0.00695687
0.0083787
0.00637394
0.00842774
0.00783758
0.00832884
0.0084651
0.00824019
0.00813246
0.00839352
0.00745308
0.00804796
0.00768298
0.00733601
0.00756467
0.00755598
0.00765519
0.00750243
0.00750347
0.00767204
0.00718555
0.00729278
0.00643236
0.00749252
0.00668828
0.00744546
0.00800719
0.00683874
0.00881404
0.00732532
0.00867427
0.00824205
0.00878546
0.00861633
0.00788628
0.00945869
0.00837594
0.00955913
0.00907613
0.00816358
0.0074828
0.00829035
0.00766369
0.00836397
0.00713916
0.00782127
0.00903526
0.00830896
0.00830011
0.00784528
0.00836585
0.00787654
0.00754338
0.00868808
0.0082025
0.00813495
0.00768736
0.0078691
0.00744113
0.00870119
0.00848051
0.00960221
0.00688618
0.00766056
0.00738932
0.007118
0.00790579
0.00757197
0.00872187
0.00826947
0.0106214
0.0080601
0.00779027
0.0074538
0.00700997
0.00808946
0.00804814
0.00717228
0.00794858
0.00824245
0.00828404
0.0079862
0.00871562
0.00821383
0.00882077
0.00813486
0.00798077
0.00905046
0.00784511
0.00896139
0.00841266
0.00722186
0.00724757
0.00693386
0.00698205
0.007847
0.00798667
0.00704805
0.00771651
0.00709688
0.00820197
0.00759108
0.00838143
0.00833892
0.00764584
0.00744042
0.00775271
0.00726823
0.00806862
0.00914348
0.0102023
0.00983329
0.00779937
0.00657503
0.00747822
0.00702741
0.00708639
0.00817185
0.00806198
0.00766031
0.0084526
0.00827025
0.0080363
0.00818427
0.00768007
0.00758106
0.00824565
0.00886563
0.00734253
0.00793384
0.00831227
0.00851558
0.00782928
0.00805073
0.00829743
0.00710122
0.00693162
0.00708759
0.00640563
0.00747545
0.00656725
0.00820208
0.00758375
0.00669219
0.0065641
0.00847848
0.00794084
0.00786373
0.00714906
0.00713785
0.00823406
0.00782029
0.00762991
0.00792479
0.00804258
0.0087766
0.00774316
0.00763529
0.00653902
0.00777431
0.0064632
0.00748954
0.00715639
0.00698745
0.00721291
0.00800802
0.00860355
0.00833164
0.00724925
0.00784018
0.00747437
0.00700958
0.00802514
0.00701346
0.00763732
0.00836165
0.00706067
0.00689405
0.00703419
0.00615227
0.00735765
0.00654918
0.00778677
0.00737443
0.00836602
0.00865416
0.00766599
0.00883326
0.00702118
0.00694024
0.00816663
0.00854495
0.00797155
0.0078825
0.00690883
0.00826165
0.00719741
0.0079643
0.00839661
0.00641345
0.00775576
0.00636745
0.0071785
0.00848731
0.00799457
0.00680517
0.00734689
0.00847195
0.00769647
0.00672662
0.00666547
0.00618117
0.00595022
0.00691104
0.00655956
0.00736859
0.00652519
0.0054086
0.00632358
0.00548143
0.0056482
0.00567722
0.00512775
0.00631938
0.0052627
0.00523899
0.00523358
0.0047831
0.00514791
0.00512522
0.00510062
0.00488593
0.00539448
0.00534229
0.00521192
0.0047841
0.00538574
0.00477422
0.00499376
0.00428625
0.00509825
0.00392792
0.00418282
0.00464434
0.00522638
0.00416599
0.00397799
0.00398055
0.00507375
0.00412573
0.00423246
0.00398236
0.00396514
0.00425177
0.0040076
0.00568458
0.00446435
0.00412819
0.00407386
0.0042022
0.00453782
0.00414074
0.00424303
0.00374487
0.00442086
0.00340299
0.00380299
0.00500553
0.00391817
0.00433184
0.0042905
0.00454594
0.00505329
0.00457763
0.00577684
0.00485911
0.00598929
0.0046611
0.0047197
0.00567653
0.0062092
0.00592972
0.00585322
0.00582236
0.0067567
0.00620823
0.00695606
0.00545572
0.0058633
0.00634754
0.00764162
0.00634369
0.00624117
0.00591053
0.00656312
0.0064126
0.00713653
0.0066975
0.00640424
0.00666765
0.00682472
0.00780325
0.00819599
0.0070685
0.0082805
0.00862083
0.00711581
0.00782598
0.00682709
0.00637363
0.00691755
0.00689821
0.00736654
0.0076236
0.0069136
0.00723784
0.00757439
0.00739552
0.00855987
0.00821731
0.00881791
0.00779204
0.00726421
0.00861101
0.00895489
0.00755293
0.00790695
0.00745911
0.00701908
0.00770937
0.00656424
0.00759921
0.00590642
0.00679279
0.00578923
0.0058962
0.00573232
0.00535397
0.0066772
0.00529134
0.00504649
0.00539505
0.00549178
0.00550499
0.00561284
0.00525764
0.00520008
0.00504559
0.00439508
0.0046519
0.00472283
0.00422032
0.00440344
0.00400682
0.004397
0.00372722
0.00376126
0.003799
0.00367598
0.00397712
0.00473515
0.00346057
0.00349906
0.00415925
0.0036763
0.00361127
0.00481676
0.00390444
0.00383322
0.00372059
0.00358549
0.00382761
0.00388307
0.00372663
0.00361408
0.00393903
0.00424792
0.00361973
0.00408359
0.00401041
0.00408599
0.00407889
0.00360727
0.00404964
0.00395504
0.00435129
0.00438312
0.00392712
0.00414479
0.00388209
0.00393532
0.00407099
0.00426655
0.00390596
0.00426003
0.00394396
0.00423622
0.00457331
0.00416343
0.00394049
0.00511632
0.00386748
0.00425974
0.00452924
0.00425448
0.00407201
0.00406298
0.0041096
0.00404623
0.00469861
0.00476428
0.00450968
0.00450902
0.00483156
0.00470823
0.00480289
0.00459728
0.00483287
0.00414151
0.00439744
0.00461539
0.00451091
0.00469073
0.00481041
0.00609758
0.0054648
0.00546807
0.00599629
0.00528245
0.00460238
0.00491551
0.0053577
0.0047387
0.00521771
0.00524961
0.00472256
0.00519966
0.00545212
0.00541765
0.00524798
0.00551612
0.00511863
0.00576326
0.00613589
0.00637437
0.00505497
0.0053122
0.00503685
0.00535184
0.0051879
0.00553517
0.00674787
0.00525631
0.00570031
0.00530502
0.00590186
0.00563432
0.00636766
0.00559664
0.00724595
0.00645782
0.0071262
0.00659416
0.00603228
0.00659786
0.00592092
0.00644337
0.00594049
0.00610763
0.00555865
0.00657053
0.00744854
0.00673764
0.00665439
0.00593166
0.00609511
0.00581324
0.00540134
0.00618667
0.005241
0.00631339
0.00582545
0.00509194
0.00614679
0.00574843
0.00621591
0.00600843
0.00652017
0.0059838
0.00531822
0.00563139
0.00487244
0.00628425
0.00447399
0.00580648
0.00555905
0.00471724
0.00458349
0.0046607
0.00562041
0.00470419
0.00556521
0.00505757
0.00524805
0.0060045
0.00504162
0.00491719
0.00477097
0.00504313
0.00560165
0.00535647
0.00544961
0.00517171
0.00469715
0.00490076
0.00618655
0.0052581
0.0058253
0.00575757
0.00665501
0.00585143
0.00640039
0.00526264
0.00480884
0.00558381
0.00571711
0.00536322
0.00641747
0.00648264
0.00538314
0.00552588
0.00686639
0.00938006
0.00574092
0.00832882
0.00625068
0.00553019
0.00582841
0.00519904
0.00566889
0.00575315
0.00584342
0.00712154
0.00605333
0.00621381
0.00654773
0.00529785
0.00677571
0.00618795
0.00534829
0.00592224
0.00539562
0.00549668
0.00583666
0.00586591
0.00557571
0.00658135
0.00562169
0.00687811
0.00596161
0.00583222
0.00639332
0.00722892
0.00622714
0.00652159
0.00647118
0.00516561
0.00634453
0.00555093
0.00563627
0.0057883
0.00626192
0.00595652
0.00648062
0.00598866
0.00638743
0.00597388
0.00645311
0.00683553
0.00594307
0.0060148
0.0060353
0.00535326
0.00629911
0.00583451
0.00544906
0.00611179
0.00648209
0.00563765
0.00578134
0.00652719
0.00573425
0.00554404
0.00645282
0.00602244
0.00587346
0.00575472
0.0060784
0.00618541
0.00742985
0.0071168
0.00699252
0.00527154
0.00555056
0.00661384
0.00613814
0.00576563
0.00653092
0.00671479
0.00551754
0.00570225
0.00624004
0.00668314
0.00587765
0.0066574
0.00593329
0.00637425
0.00629359
0.00613405
0.00601517
0.00608648
0.00594509
0.00591693
0.00580595
0.00618868
0.00534678
0.00533109
0.00598264
0.00646912
0.00547731
0.00572361
0.00643738
0.00603405
0.00614038
0.00545439
0.00634046
0.00638393
0.00603825
0.00582617
0.00584897
0.00571221
0.00535016
0.00552636
0.00667978
0.00671976
0.00621047
0.00584807
0.00613886
0.00673222
0.00718315
0.00646725
0.00646674
0.00643666
0.00760661
0.00598546
0.00575553
0.00573923
0.00627208
0.00501887
0.00511285
0.00604836
0.00535594
0.00515018
0.00584804
0.00589655
0.0062482
0.00557793
0.00539746
0.0054587
0.00651953
0.00658811
0.00611868
0.00659246
0.00576675
0.00532855
0.00795865
0.00654599
0.00667534
0.00651744
0.00627575
0.00551617
0.00574117
0.00608766
0.00670455
0.00622628
0.00664339
0.00584888
0.00641238
0.00633413
0.00557732
0.00630146
0.00658171
0.0067506
0.00582174
0.00650374
0.00680948
0.00632475
0.00546988
0.0061115
0.00595644
0.00667805
0.00648116
0.0078454
0.00681921
0.00587445
0.00709572
0.00616989
0.00645614
0.00774027
0.00647681
0.00612876
0.00667414
0.00764258
0.00654978
0.00892315
0.00672369
0.00828878
0.00896339
0.00827536
0.00701487
0.00640286
0.00726104
0.0070545
0.008281
0.00846664
0.00753604
0.00622167
0.00693483
0.00693318
0.00708944
0.00655245
0.00671172
0.00717649
0.00638775
0.00762295
0.0073091
0.0079156
0.00697681
0.00582299
0.00564258
0.00651479
0.00653993
0.00666092
0.00744918
0.00660424
0.00655173
0.00602916
0.00585182
0.00583077
0.0064014
0.0062697
0.00667831
0.00763718
0.00652573
0.00573367
0.00643697
0.00605566
0.00554462
0.0057047
0.00613553
0.00641095
0.00551618
0.00595566
0.00774453
0.00497673
0.00529422
0.00582441
0.00615605
0.00578708
0.00584266
0.00505659
0.005752
0.00593537
0.00603764
0.00545067
0.00655378
0.00599507
0.00569609
0.00551218
0.00532827
0.00550066
0.00504869
0.00536999
0.00553024
0.00666512
0.00499982
0.00508667
0.00488394
0.005656
0.00517779
0.00451228
0.00423623
0.00490456
0.00399752
0.00434541
0.00404204
0.00405685
0.0038536
0.00362939
0.0034683
0.00457827
0.00388598
0.00360854
0.00460292
0.00441076
0.00322793
0.00434601
0.00415556
0.00471223
0.0047194
0.00352243
0.00419573
0.0039178
0.00375665
0.00333845
0.00349541
0.00342893
0.00423889
0.00329332
0.00319405
0.00322445
0.00307615
0.00343823
0.00334595
0.0033619
0.00340411
0.00336263
0.00322812
0.00363068
0.00362934
0.0032755
0.0033434
0.00330883
0.00374848
0.00304483
0.00384483
0.00428255
0.00322704
0.00305291
0.00311255
0.00322712
0.00353428
0.00294619
0.0029236
0.00358789
0.00351412
0.00469715
0.00406377
0.00359397
0.00360921
0.00333524
0.00379911
0.00330392
0.00351031
0.00359266
0.00327275
0.00321873
0.00324645
0.00314804
0.00301482
0.00414203
0.00360219
0.00379545
0.00459912
0.00446925
0.00377511
0.00383395
0.00379904
0.003677
0.00399896
0.003852
0.00400825
0.0042802
0.00489283
0.00419454
0.0039287
0.00432648
0.00421707
0.00490167
0.00526211
0.00465186
0.00476685
0.00589736
0.00505431
0.00662202
0.00546545
0.00543089
0.00581286
0.00543663
0.00511774
0.00522742
0.00546697
0.00505181
0.00548986
0.0051697
0.00633643
0.00604809
0.00589996
0.00618181
0.00640146
0.00593622
0.00593794
0.00842248
0.00851157
0.00664558
0.00577621
0.00619606
0.00634423
0.00615433
0.00512038
0.00498188
0.00545315
0.00485254
0.00542355
0.0049554
0.00510769
0.0056506
0.00554232
0.00562972
0.00522692
0.00699207
0.0062667
0.0062024
0.00722994
0.00695692
0.0071662
0.00704978
0.00709563
0.00728775
0.0064756
0.00700279
0.00727769
0.00623718
0.00615173
0.00572766
0.00568436
0.00558577
0.00640788
0.00582356
0.00534758
0.0056247
0.00533734
0.00581367
0.00550571
0.00400332
0.00451342
0.00465823
0.00470695
0.0043699
0.00443505
0.00473605
0.00484176
0.00459997
0.004508
0.00458919
0.00467184
0.00449314
0.00460566
0.00486411
0.00449219
0.0056516
0.00447114
0.00435692
0.00460772
0.00464912
0.00426056
0.00483403
0.00503463
0.00452626
0.00583019
0.00520639
0.00558989
0.00555957
0.00506367
0.00521171
0.00473532
0.0044343
0.00449792
0.00464885
0.00476844
0.00407224
0.00453361
0.00460856
0.00470636
0.00452654
0.00380211
0.00478203
0.0038584
0.00423436
0.00365282
0.00433243
0.00440197
0.00457845
0.00375012
0.0037365
0.00413304
0.00406478
0.00404918
0.00397432
0.00414831
0.00433357
0.00413215
0.00473819
0.00384323
0.00439176
0.0037058
0.00419581
0.00488136
0.00496961
0.00613584
0.00612207
0.00697842
0.00723384
0.00759864
0.00804055
0.0069936
0.00800764
0.00805664
0.00709556
0.00809788
0.00679872
0.00652313
0.00563923
0.00681628
0.00554319
0.00806651
0.00543072
0.00601643
0.00634888
0.0064601
0.00618903
0.00670301
0.00544371
0.00559867
0.00552199
0.00638185
0.00624542
0.00518383
0.00617447
0.0055444
0.00518493
0.00554222
0.00531391
0.00703661
0.00535088
0.00545728
0.0054289
0.00599463
0.00511266
0.00514581
0.0050915
0.00496321
0.00551077
0.00520988
0.00561482
0.00584576
0.00571729
0.00548362
0.00579702
0.00474009
0.00517737
0.00555261
0.00546955
0.00553208
0.00525998
0.00561786
0.00538524
0.00499093
0.00558715
0.00614009
0.00532896
0.0056134
0.00570409
0.00619525
0.00648004
0.00638221
0.00592245
0.006071
0.00637811
0.00512784
0.00580607
0.00635406
0.00690074
0.0049713
0.00513615
0.00544261
0.00641189
0.00545643
0.00600315
0.00562104
0.00638647
0.00624309
0.00666807
0.00661907
0.00652304
0.00792258
0.00523934
0.00536076
0.00644492
0.00747346
0.00597726
0.00627087
0.0058811
0.00657385
0.00651504
0.00635193
0.0062008
0.00526638
0.00583319
0.00589743
0.00653156
0.00578303
0.00754799
0.00632058
0.00729238
0.00664479
0.00641718
0.0058607
0.00733764
0.00676828
0.00563216
0.00614841
0.00648036
0.00616367
0.00558465
0.00567524
0.00744097
0.00619404
0.00677538
0.00632519
0.00629356
0.00592549
0.00698869
0.0059485
0.00679559
0.00877688
0.00596257
0.00641939
0.00533602
0.00649615
0.00599601
0.0054397
0.00738058
0.00619422
0.00728874
0.00710888
0.0059924
0.00722114
0.00583126
0.00639199
0.0064495
0.00694203
0.00697507
0.00785679
0.00630835
0.00688576
0.00822752
0.00655554
0.00677046
0.00690109
0.00620814
0.00695737
0.00676537
0.00691717
0.00639871
0.00611971
0.00691877
0.0059294
0.00707678
0.00625611
0.0076964
0.00777745
0.00683249
0.00667804
0.00661704
0.00627047
0.00598647
0.00670037
0.00666284
0.00802386
0.00714032
0.00587718
0.00703356
0.00628392
0.00656243
0.00652768
0.00633024
0.0059923
0.0072997
0.00656567
0.00707115
0.00631162
0.00649993
0.00665473
0.00651679
0.00683488
0.0066147
0.00754863
0.00711164
0.00621339
0.00626819
0.0063068
0.00626421
0.005889
0.00612848
0.00613294
0.00710771
0.00709168
0.00722669
0.00569215
0.0059889
0.00566875
0.00621015
0.00699936
0.00691568
0.00831971
0.00686028
0.00827029
0.00686673
0.0080078
0.00796591
0.00879957
0.00738811
0.00660905
0.00707904
0.00708766
0.00668332
0.00650658
0.00836019
0.00732175
0.00785526
0.00726372
0.00706728
0.00664984
0.00776731
0.00715938
0.00681317
0.00684841
0.00714267
0.00710981
0.00626102
0.00622642
0.00593486
0.00666929
0.00743474
0.00619346
0.00633336
0.00650133
0.00640795
0.00721388
0.00676053
0.00693566
0.00817971
0.00651724
0.00801496
0.00617385
0.00728186
0.00751404
0.00766562
0.00740429
0.00696227
0.00716313
0.00705598
0.00662681
0.00742174
0.00614911
0.00615294
0.00613814
0.00641812
0.00670805
0.00650194
0.00772381
0.00663788
0.00727325
0.0065712
0.00684894
0.00728579
0.00669107
0.00782186
0.00684433
0.00736136
0.00620893
0.00631565
0.00612653
0.00719741
0.00662807
0.00661027
0.00630165
0.00755579
0.0064119
0.00679931
0.00651906
0.00769854
0.00663794
0.00925396
0.00651639
0.00719588
0.00702306
0.00693161
0.00681438
0.00802767
0.00685358
0.00643205
0.00613333
0.00621722
0.00652332
0.0068695
0.00601402
0.00749196
0.0065356
0.00758379
0.00697941
0.00751591
0.00821822
0.00833952
0.00831824
0.0070723
0.00763932
0.00713304
0.00714494
0.00728341
0.00626727
0.00744202
0.00832077
0.00801125
0.00789728
0.00847622
0.00825559
0.00711475
0.00836299
0.00769873
0.00610042
0.00652959
0.00635936
0.00662655
0.00724169
0.00681945
0.00679835
0.00643027
0.00689786
0.00721357
0.00592544
0.00706385
0.00668774
0.00632259
0.00702137
0.00716374
0.00750938
0.00666202
0.00613641
0.0064211
0.00638558
0.00633146
0.00708951
0.00715106
0.00676597
0.00710585
0.00707229
0.0093138
0.00820664
0.00740467
0.00743722
0.00673896
0.00849221
0.00728715
0.00741921
0.00694341
0.00663621
0.00645011
0.0071257
0.00714522
0.0079908
0.00725853
0.00648011
0.00767474
0.00653825
0.00630567
0.00687762
0.00682184
0.00656121
0.00696931
0.00630517
0.00674192
0.00688802
0.00674366
0.00679649
0.00586762
0.00660084
0.00808398
0.00653858
0.00638852
0.00654674
0.00810857
0.00775084
0.0074285
0.00752731
0.0071995
0.00625407
0.00626031
0.00888093
0.00799951
0.00758374
0.00760035
0.00729147
0.00749777
0.00778146
0.00706175
0.00697431
0.00654434
0.00654834
0.00598165
0.00664142
0.00647386
0.00678963
0.00623088
0.00625839
0.00645278
0.00696553
0.00702598
0.00973268
0.00697513
0.00828925
0.00690641
0.00810814
0.00616135
0.00724642
0.00631042
0.00605567
0.00672358
0.00626959
0.00639389
0.00672822
0.00647103
0.00698407
0.00668666
0.00628107
0.00786004
0.00669988
0.00768737
0.00640617
0.00726485
0.00696536
0.00739012
0.00653332
0.00590497
0.00698024
0.00617121
0.00595711
0.00604463
0.00649826
0.00644573
0.006912
0.00743866
0.00651723
0.00729578
0.00615865
0.00665241
0.00692421
0.00781389
0.00726673
0.00855452
0.0066888
0.00745794
0.0074524
0.00751057
0.00695838
0.00612096
0.00680008
0.00664637
0.00633433
0.00615386
0.00638534
0.00577871
0.00650903
0.00597023
0.00718332
0.00780513
0.00662863
0.00718481
0.00767814
0.00610325
0.00629852
0.00807178
0.00729528
0.00618912
0.00636567
0.00595466
0.00603733
0.00630864
0.00610168
0.00598531
0.00658923
0.00627682
0.00625162
0.00688322
0.00801581
0.00603519
0.00836897
0.00904752
0.0103248
0.0083146
0.0079943
0.00632321
0.00671924
0.00678786
0.00716069
0.00686658
0.00743901
0.00662965
0.00680347
0.0070794
0.00908597
0.00842074
0.00697162
0.00658525
0.00777167
0.00828118
0.00701847
0.00736883
0.00611596
0.00558801
0.00769517
0.00661847
0.0070384
0.00755911
0.00764808
0.00682271
0.00611544
0.00612398
0.00715124
0.00632927
0.00663924
0.00588156
0.00687657
0.00634046
0.0060612
0.00587762
0.00573853
0.00605006
0.00557427
0.00605459
0.00573879
0.0063839
0.00577688
0.00710031
0.00773823
0.00576068
0.00736737
0.00582741
0.00616223
0.0067382
0.00569815
0.00618196
0.00740308
0.00640573
0.00652749
0.00657137
0.00621659
0.00686232
0.00598952
0.00657812
0.0069279
0.00667098
0.00609702
0.00713608
0.00629357
0.00619487
0.0063096
0.00726907
0.00631611
0.00616101
0.00684988
0.00672474
0.00585922
0.00627233
0.00641439
0.00586464
0.00623604
0.00628011
0.00564069
0.00607843
0.00613973
0.00691688
0.00626502
0.00596375
0.00588616
0.00665301
0.00765788
0.00662799
0.0069851
0.00812858
0.00769133
0.00702828
0.0087838
0.00780786
0.00738966
0.00675412
0.00677466
0.00740087
0.00766399
0.00723082
0.00693259
0.0062812
0.00596177
0.00670885
0.00726637
0.00671048
0.00637953
0.00655319
0.00610518
0.00626288
0.00647749
0.00638866
0.00626353
0.00615629
0.0057713
0.00600999
0.0061122
0.00577479
0.00657032
0.00553185
0.00608092
0.0059072
0.00579639
0.00635196
0.00720058
0.00606699
0.0060792
0.00585576
0.00678243
0.00593811
0.00630684
0.00686606
0.00600694
0.0061825
0.00562787
0.00616412
0.00601205
0.00884575
0.00638635
0.00636092
0.00610353
0.00624155
0.00573455
0.00758658
0.00760979
0.00640892
0.0057878
0.00676839
0.0070686
0.00616895
0.00597
0.00609051
