0.0113222
0.0103298
0.0132611
0.0100231
0.0185134
0.0184191
0.0126215
0.0100968
0.00968628
0.00968488
0.00988657
0.00916047
0.00855724
0.00888428
0.0085464
0.00849613
0.00791308
0.0142312
0.0144266
0.00881559
0.00900003
0.00914056
0.00934089
0.00933595
0.0105959
0.0100546
0.0100494
0.00964564
0.0097293
0.010532
0.0101294
0.00984669
0.0100648
0.00965247
0.00923671
0.00944031
0.00929758
0.00964361
0.00985529
0.00990623
0.00940113
0.00936176
0.00847054
0.00885034
0.00881809
0.00880223
0.00873829
0.00851287
0.00919601
0.00865362
0.00836882
0.00926087
0.00922841
0.00943916
0.00964311
0.00927225
0.00971729
0.00954841
0.00849975
0.00913637
0.00926046
0.00935269
0.00931234
0.00938889
0.00880029
0.0137567
0.0145345
0.0153232
0.0167122
0.0104392
0.00983772
0.00995937
0.0107636
0.0165912
0.00922609
0.00961577
0.0106427
0.00937299
0.0104616
0.0171091
0.0167426
0.0165665
0.0171453
0.0172408
0.0179177
0.0124096
0.0102342
0.00985615
0.0115117
0.010399
0.0102425
0.0107732
0.0180721
0.0105125
0.0108543
0.011218
0.0113535
0.0107079
0.0107011
0.0107841
0.0108637
0.0110624
0.0109419
0.0103433
0.0103593
0.0106654
0.0115859
0.0110511
0.0112943
0.0110584
0.0110955
0.0114223
0.0175019
0.0112951
0.0112494
0.0116669
0.0121889
0.0117865
0.0116127
0.0128793
0.0119536
0.0131189
0.0113856
0.011714
0.0151305
0.0121792
0.0117047
0.0120934
0.0119666
0.0149033
0.0119943
0.0117979
0.0198007
0.0118074
0.0193391
0.0178758
0.0139853
0.0149657
0.0178137
0.0109597
0.0107855
0.0107931
0.0167907
0.0112143
0.0107712
0.0111061
0.0188213
0.0195297
0.0156421
0.01067
0.0106176
0.0106119
0.0116479
0.011464
0.011058
0.0112801
0.0109673
0.0119542
0.0116313
0.0122403
0.019527
0.0171534
0.0231378
0.0131176
0.0125794
0.0127015
0.0125847
0.0142218
0.0133493
0.0126082
0.0125812
0.0138904
0.0174046
0.0137334
0.0140431
0.0146343
0.0147197
0.0138517
0.0140375
0.0134719
0.0160847
0.0235713
0.0129529
0.0141505
0.0165225
0.0136216
0.0236166
0.0239762
0.0144002
0.0142243
0.0140732
0.0143775
0.0140599
0.0211459
0.0151444
0.0147224
0.0152099
0.0171186
0.0140988
0.0260442
0.0147583
0.0148011
0.014862
0.0145684
0.0147323
0.0143814
0.0140489
0.0137062
0.0147043
0.0229898
0.0144008
0.013913
0.0139724
0.0169973
0.0141753
0.0149413
0.0167149
0.0136054
0.0144469
0.0135039
0.0254738
0.0147557
0.0162278
0.0145305
0.0144992
0.0157845
0.0151569
0.0148917
0.0141993
0.0219327
0.0132378
0.0136579
0.0210679
0.0137359
0.0137719
0.0133578
0.0133829
0.0128893
0.0128511
0.0128438
0.0131637
0.0142215
0.0133983
0.0167145
0.0136606
0.0138843
0.0138264
0.0132266
0.0132641
0.0140454
0.0138766
0.0129683
0.0132964
0.0136487
0.013402
0.0135589
0.0129337
0.0131829
0.0130726
0.0137705
0.0138095
0.0132075
0.0128951
0.013376
0.0137101
0.0168823
0.0127621
0.0135693
0.0136148
0.0127823
0.0133504
0.0134854
0.0131558
0.0125025
0.0128133
0.0123139
0.0121209
0.0121739
0.0126617
0.0118624
0.0225736
0.0125016
0.0126026
0.0191246
0.0186392
0.0130087
0.0130419
0.0232292
0.0124757
0.0115805
0.0127157
0.0138526
0.0152997
0.0132608
0.0144148
0.0140343
0.0135573
0.0135365
0.0135525
0.012937
0.0129888
0.0132909
0.0141863
0.0129604
0.0145086
0.0134109
0.0215597
0.0160861
0.0225529
0.0124799
0.0220323
0.013258
0.0144125
0.0190211
0.0140549
0.0134898
0.0136624
0.0139017
0.0133591
0.0139797
0.013884
0.0140359
0.0141653
0.0141681
0.0173391
0.0141014
0.0140717
0.0141355
0.0206099
0.0143852
0.0148897
0.0161783
0.0140063
0.0148378
0.0146619
0.0142061
0.0144274
0.0153869
0.0141502
0.0142266
0.0254765
0.0138206
0.0237953
0.0143133
0.0147477
0.0133821
0.0236619
0.0243415
0.0140046
0.0144404
0.0134258
0.0153925
0.0243203
0.0130628
0.0141188
0.0144611
0.0137401
0.013301
0.0139262
0.0125285
0.0125458
0.0130941
0.0123346
0.019041
0.0151445
0.0128556
0.0123126
0.0129415
0.0126252
0.0124654
0.0134111
0.0128685
0.0130925
0.0128264
0.0133472
0.01257
0.0127403
0.0127895
0.0135513
0.0130922
0.0131429
0.0228393
0.0135581
0.0207274
0.0138565
0.0143643
0.0135285
0.0137103
0.0156934
0.014144
0.0158245
0.0147444
0.014152
0.0136383
0.0136111
0.0138941
0.013752
0.0173272
0.0143582
0.0145179
0.0187408
0.01424
0.0140043
0.0141446
0.0150266
0.0149138
0.0205154
0.0153245
0.0143206
0.0225789
0.015528
0.0143691
0.0237491
0.0143094
0.0138078
0.0160642
0.0134805
0.0141057
0.0135267
0.0140956
0.0138046
0.0140923
0.0157075
0.0133063
0.0171463
0.0244146
0.017117
0.014412
0.0143375
0.014565
0.0142628
0.013067
0.0129511
0.0127758
0.0129789
0.0121175
0.0150814
0.0140417
0.012809
0.0138454
0.0120418
0.0126497
0.0130485
0.0129966
0.0125891
0.0129967
0.012865
0.0132579
0.0152781
0.0209794
0.0118495
0.0122064
0.0125077
0.0118042
0.0123388
0.0124105
0.0127529
0.0114417
0.0118371
0.0119614
0.0128639
0.0132376
0.0131184
0.0145332
0.0221275
0.0205306
0.0130114
0.0215853
0.0202964
0.0217084
0.021892
0.0128022
0.0156349
0.0125274
0.0124457
0.0131009
0.0134497
0.0126482
0.0135762
0.0129563
0.0125248
0.0221743
0.0124487
0.0160506
0.012596
0.0127458
0.0138921
0.0150797
0.0210113
0.0118101
0.0123408
0.0198675
0.0118214
0.0123161
0.0124535
0.0115572
0.0119072
0.0236936
0.0130999
0.0128309
0.0117409
0.0120901
0.0120603
0.0119421
0.0115718
0.0116884
0.0112838
0.0107505
0.0108025
0.0120597
0.0112767
0.0114069
0.011552
0.0110185
0.0120771
0.011675
0.0113545
0.0191755
0.0104713
0.0191389
0.0198572
0.0106367
0.0118972
0.0107951
0.0111035
0.0187652
0.0119548
0.0118475
0.0129314
0.0186868
0.0117054
0.0107921
0.011778
0.0116543
0.0114035
0.0115223
0.0116693
0.0143834
0.0118658
0.0116253
0.0109484
0.0156342
0.0108518
0.0111706
0.0110538
0.0115283
0.0111565
0.0110176
0.0106631
0.010811
0.0111983
0.011297
0.0111173
0.0119234
0.0111337
0.0111023
0.0130076
0.0116346
0.0113526
0.0111877
0.0110876
0.0119816
0.0124861
0.0122744
0.0116392
0.0121573
0.0124318
0.0117764
0.0125347
0.0116194
0.0129281
0.0122764
0.0121186
0.0116958
0.0126895
0.0116003
0.0113834
0.0116629
0.0114958
0.0110581
0.0112586
0.0118021
0.0121667
0.0195894
0.0112197
0.0112215
0.0195636
0.0188236
0.0122131
0.0121335
0.0110203
0.0113149
0.0110211
0.0132935
0.013098
0.0147893
0.0118453
0.0109974
0.0112387
0.0115689
0.0104796
0.0102911
0.0112889
0.0108342
0.0112687
0.0115253
0.0116595
0.0119525
0.0112618
0.0126262
0.0109983
0.0112247
0.0118403
0.0137002
0.0121899
0.0118394
0.01542
0.0128224
0.0131014
0.0122362
0.0125058
0.0220863
0.0140954
0.0124011
0.0125993
0.0120143
0.0126847
0.0122179
0.0162551
0.0133506
0.0134272
0.0142492
0.0125886
0.0203929
0.013464
0.0130157
0.0133235
0.01458
0.0138766
0.0135736
0.0254298
0.0143245
0.0146423
0.0149504
0.0139648
0.0138102
0.0218762
0.0143375
0.0134282
0.0141594
0.0134119
0.0130859
0.0178607
0.0127059
0.0132939
0.0141093
0.0132586
0.0136458
0.0139013
0.0132261
0.0135955
0.0138648
0.0127888
0.0125931
0.0150233
0.012821
0.0130694
0.0135426
0.0130173
0.0128945
0.0141373
0.0134786
0.0140145
0.0139932
0.0126544
0.0135859
0.0173073
0.0132576
0.0125944
0.0128788
0.0129676
0.0139335
0.0135883
0.0140652
0.0126788
0.0127756
0.0129343
0.0123527
0.0202735
0.0130883
0.0211151
0.0130438
0.0132575
0.0125741
0.0146432
0.0143912
0.0130057
0.0126983
0.0124102
0.0141255
0.0207084
0.0133918
0.0132427
0.0130563
0.0124069
0.0123048
0.0129918
0.0127523
0.0124787
0.0212679
0.0123406
0.0116252
0.0232038
0.0203996
0.0116366
0.0130607
0.011344
0.0113178
0.015238
0.0112644
0.0107548
0.0107078
0.0107153
0.0106351
0.0110939
0.0106487
0.0115152
0.0111083
0.0105487
0.00948287
0.0193475
0.0116231
0.0157094
0.0117096
0.0105501
0.0103849
0.0146144
0.0177111
0.0184054
0.0178566
0.00959535
0.0111808
0.0101671
0.0107931
0.0107978
0.0177897
0.0178203
0.0173304
0.0128573
0.0103932
0.0100107
0.0176228
0.00984484
0.00941433
0.00973491
0.010123
0.00940956
0.0093193
0.0104276
0.0102318
0.0163755
0.00984356
0.00953504
0.0103869
0.0106302
0.0145111
0.0131636
0.0109177
0.0119163
0.00912591
0.00893761
0.00850772
0.00948605
0.00978979
0.00886081
0.00942993
0.00917547
0.00868898
0.00931929
0.00856145
0.0118566
0.012176
0.0126942
0.00877257
0.00925885
0.00888454
0.00923506
0.0127514
0.0118012
0.00923472
0.0161516
0.0160717
0.0124446
0.0158419
0.015854
0.0126053
0.0173593
0.0092523
0.00919024
0.00932622
0.0091376
0.00908251
0.00924
0.0155565
0.00929204
0.00997216
0.0100655
0.0090362
0.0108095
0.00977191
0.0106385
0.0098476
0.00925325
0.00928562
0.00976454
0.00925297
0.00973927
0.00929195
0.0121101
0.00996359
0.0154442
0.0161608
0.0113009
0.0114834
0.0106408
0.0157054
0.013592
0.0171814
0.00963945
0.0100105
0.00958914
0.00987665
0.01371
0.0092625
0.00973756
0.0099483
0.00978418
0.00967714
0.0104095
0.0106985
0.0171449
0.0170647
0.0167594
0.0110831
0.0132643
0.00940833
0.00887373
0.00883287
0.00898512
0.00877714
0.00943948
0.00878553
0.00878772
0.0122626
0.00825023
0.00809753
0.0092478
0.00839748
0.00844175
0.00958498
0.0079524
0.00834122
0.0136967
0.0135517
0.0133037
0.00812429
0.00762101
0.00803171
0.0104851
0.00758127
0.00752466
0.00734502
0.00722097
0.00729815
0.00812265
0.00703798
0.00766601
0.0072519
0.00719583
0.00755095
0.0102959
0.00728712
0.00796888
0.00734587
0.00745323
0.00792322
0.00745797
0.00766766
0.0108903
0.00791192
0.00777891
0.0116888
0.0116266
0.0111852
0.00744522
0.00716548
0.00685247
0.0079885
0.00754508
0.00748221
0.00722502
0.00772462
0.00777476
0.00818913
0.0120842
0.00832387
0.00879469
0.009465
0.00915742
0.00878395
0.00875863
0.0086906
0.00870063
0.0129137
0.00834314
0.00844788
0.0156207
0.00881088
0.00849645
0.00898238
0.00878057
0.00935562
0.00894664
0.0159354
0.0154689
0.00910617
0.00882366
0.00880358
0.0141563
0.0152706
0.00880313
0.00873988
0.00896471
0.00838315
0.00921399
0.00880245
0.00860862
0.00956418
0.00832496
0.008501
0.0106878
0.0158466
0.00843485
0.00906609
0.00820002
0.00791195
0.00822062
0.0139411
0.0148357
0.00860178
0.0082493
0.00835882
0.00842366
0.0141645
0.00843967
0.00869534
0.00832979
0.00774197
0.00748847
0.00767423
0.00783506
0.00884023
0.00796038
0.0086576
0.00960635
0.0084031
0.00767856
0.00893653
0.0087998
0.00807442
0.00813016
0.00957083
0.0093853
0.00905535
0.00856277
0.00836826
0.0097755
0.00828032
0.00829395
0.00922388
0.0122759
0.00832609
0.0148004
0.00802219
0.00813557
0.0144149
0.0148144
0.00868916
0.0138944
0.00855531
0.00891856
0.0135593
0.00883689
0.0085665
0.0102167
0.00904476
0.00895838
0.0118908
0.0156053
0.0153489
0.00962602
0.00880699
0.00809219
0.012134
0.0084592
0.00933148
0.0164516
0.00874328
0.00941894
0.0117529
0.00885569
0.0142965
0.0152723
0.0084617
0.00814191
0.00846167
0.00793667
0.00830341
0.013955
0.00825349
0.00837515
0.00903827
0.00841872
0.008283
0.0102548
0.00859308
0.00825166
0.0084062
0.00819434
0.0083213
0.00876411
0.00819264
0.0142161
0.00843476
0.0089101
0.00818896
0.00842834
0.00852371
0.00855125
0.00874359
0.00816465
0.00818767
0.0087653
0.00857258
0.00884318
0.0124318
0.0149458
0.0133764
0.0145844
0.0086327
0.00821027
0.00866339
0.00903999
0.00822901
0.0150215
0.00867043
0.00933519
0.00834598
0.00898952
0.00822631
0.00882361
0.00845491
0.00827189
0.00891581
0.00825678
0.00942413
0.0092218
0.00820396
0.00861945
0.00848607
0.00852724
0.00822257
0.00870164
0.00872117
0.00872992
0.0095222
0.00879375
0.00810557
0.00938005
0.00891366
0.00824837
0.00864537
0.00847309
0.00801697
0.00943936
0.00875635
0.00842856
0.0086238
0.00853605
0.00811896
0.00875687
0.00836089
0.00798891
0.00918935
0.00866205
0.00848637
0.00874833
0.00846039
0.0111275
0.00887412
0.00870645
0.00806619
0.00957081
0.00799003
0.00787363
0.00873071
0.00850495
0.00843354
0.00887781
0.00944182
0.0149015
0.00914351
0.00847982
0.00849394
0.00841238
0.0100938
0.00963321
0.00946104
0.00835762
0.00897767
0.0091982
0.0137068
0.00875436
0.0133117
0.0123025
0.00812227
0.00864505
0.00784853
0.00796282
0.0104294
0.00772846
0.00811764
0.0086533
0.00754959
0.00777819
0.00801371
0.00761908
0.00737084
0.00776634
0.00793805
0.00781325
0.00836125
0.00724375
0.00791505
0.0095596
0.00755731
0.00728938
0.00790554
0.0079467
0.00796886
0.0118382
0.00821949
0.0080457
0.00871994
0.00834166
0.00804988
0.00868855
0.00821575
0.00864675
0.0115361
0.00866694
0.00881866
0.0157447
0.00879651
0.0125446
0.00852511
0.0081146
0.00824129
0.00859386
0.00856779
0.00825512
0.00814424
0.00879315
0.00785325
0.00881199
0.00789596
0.00810344
0.0146691
0.00818942
0.00800163
0.0130888
0.00879164
0.00838154
0.00819736
0.00836579
0.0121394
0.0130782
0.00837404
0.00838591
0.00876262
0.00810665
0.0147124
0.0084404
0.00886888
0.00803651
0.00877288
0.0092656
0.00928417
0.015136
0.00819845
0.0122046
0.0143241
0.0124832
0.00830624
0.00841996
0.00824009
0.0079945
0.00843399
0.00810492
0.0118919
0.0078965
0.00815719
0.00799145
0.011809
0.00771021
0.00785506
0.00774773
0.0139363
0.00854427
0.014596
0.0142198
0.014511
0.0103139
0.013815
0.00817172
0.0142043
0.0143904
0.0102592
0.0106248
0.00940663
0.0122822
0.0127547
0.0125639
0.0128533
0.00872049
0.0084953
0.00802764
0.00863315
0.00856136
0.00873338
0.0151613
0.00846242
0.014565
0.00846864
0.0142218
0.00842002
0.00801965
0.00838062
0.00869767
0.00866918
0.00903733
0.00833727
0.0116889
0.00839562
0.00828388
0.00874257
0.00819685
0.00819909
0.00848596
0.00834454
0.00888366
0.0154864
0.00789592
0.00777009
0.0083921
0.0086342
0.0140174
0.00799088
0.00879809
0.00790259
0.00838046
0.00794729
0.0124503
0.0127234
0.0123439
0.00836816
0.00878492
0.00911013
0.00844378
0.0085921
0.00821233
0.00841114
0.00840765
0.00806188
0.00812375
0.0144278
0.0142813
0.00832781
0.00900004
0.00849185
0.0143694
0.00864043
0.00855497
0.00796635
0.0154441
0.00852507
0.00810863
0.00872054
0.00810501
0.00803366
0.00930228
0.00826375
0.00790159
0.0091405
0.00832094
0.00805747
0.00849635
0.0145879
0.00930813
0.00867935
0.00828285
0.00854462
0.013346
0.0081949
0.00784884
0.00860251
0.00796096
0.00818795
0.00878663
0.00797647
0.00807515
0.00870885
0.00786491
0.00817869
0.0136523
0.00880651
0.00880562
0.00835501
0.00851881
0.00815761
0.00838758
0.00811548
0.0106172
0.00884007
0.00839424
0.00951397
0.0139977
0.0136798
0.0138324
0.00920203
0.00799731
0.00846608
0.00829675
0.00897074
0.00816156
0.0122935
0.00901947
0.00840062
0.0126997
0.0138066
0.0144867
0.00822779
0.00803647
0.00790331
0.00863775
0.00797767
0.00896605
0.00860173
0.0082681
0.00786123
0.0078133
0.00831196
0.00810903
0.00844347
0.00806798
0.0143807
0.013789
0.00827993
0.00832666
0.00838877
0.00799915
0.00827374
0.0134801
0.00836556
0.00796571
0.00837781
0.00809922
0.00793942
0.00830084
0.00784127
0.00771796
0.00881853
0.00818436
0.0101576
0.00899427
0.0082826
0.00815843
0.00860487
0.0083802
0.00932912
0.0084093
0.00817423
0.00816861
0.00818144
0.0085282
0.0085034
0.00976936
0.00809139
0.00855106
0.00857687
0.00842874
0.00904639
0.00900889
0.00834808
0.00911161
0.0120124
0.00819863
0.00858142
0.00883366
0.0114967
0.00794565
0.00834759
0.014615
0.00807694
0.00869331
0.00829677
0.00840241
0.00878784
0.00843524
0.00793908
0.0111249
0.00848762
0.0143233
0.0117638
0.00843167
0.00851629
0.0145584
0.00821016
0.00905031
0.00973745
0.00897225
0.00829013
0.0107765
0.00848532
0.00839701
0.00864894
0.00835191
0.00856051
0.00873446
0.00902787
0.00870766
0.0093979
0.0146304
0.00806516
0.0150619
0.00874519
0.00844694
0.00870178
0.00832518
0.0152148
0.00880853
0.014439
0.01501
0.00848202
0.00904037
0.00915196
0.0146949
0.0086365
0.0148367
0.0158141
0.0152387
0.00818608
0.00881669
0.00823006
0.00800171
0.00866336
0.00839452
0.00843976
0.00904784
0.00884694
0.00854582
0.0085821
0.00835822
0.00829024
0.0131181
0.0134981
0.012779
0.0133462
0.013052
0.0113284
0.0105223
0.00912828
0.00881326
0.0103116
0.00964729
0.00884578
0.0168881
0.00931035
0.00938288
0.00925348
0.0119588
0.00947934
0.00977724
0.00953904
0.00925681
0.0170226
0.00900709
0.0153934
0.00898939
0.0109473
0.00874185
0.0111917
0.00889424
0.00888327
0.0157045
0.00891411
0.0136218
0.0159564
0.00940212
0.00879386
0.00903314
0.00864006
0.00927737
0.00907332
0.00931173
0.00894997
0.00956141
0.0111085
0.00928183
0.0100897
0.00969975
0.00944765
0.0100077
0.00979883
0.00929054
0.0106215
0.00922435
0.00941116
0.0098543
0.00958146
0.00962548
0.0104783
0.00976608
0.0094261
0.0099651
0.0093034
0.00931896
0.0100076
0.0094566
0.00950243
0.0116082
0.009712
0.00977747
0.0100517
0.00913459
0.00948465
0.00981572
0.0110974
0.00970186
0.00976711
0.00954895
0.00980708
0.0181151
0.0171929
0.00908847
0.00998845
0.00975597
0.00954558
0.0104764
0.00990815
0.0146394
0.0104393
0.0146267
0.0137312
0.0119566
0.00982249
0.00925806
0.0099178
0.0104931
0.0101129
0.00990445
0.00998994
0.00949543
0.0100751
0.00955058
0.0101211
0.0150155
0.0095543
0.00996721
0.00998039
0.0101867
0.0096145
0.0143993
0.00974777
0.00969294
0.0102722
0.0109519
0.0108661
0.0121771
0.0155693
0.00914379
0.00934418
0.0107195
0.0100428
0.0102709
0.0158011
0.00919471
0.00908331
0.00876559
0.00863279
0.0137374
0.0089881
0.00877776
0.00961482
0.00893243
0.00883214
0.00928535
0.00876525
0.00917049
0.00980275
0.00880083
0.00843105
0.00865465
0.00925974
0.00901099
0.00908966
0.00926887
0.0089612
0.0100978
0.00930786
0.00947091
0.00933683
0.00915428
0.00916594
0.0121676
0.0083115
0.0080056
0.00864724
0.00886465
0.00893694
0.00899281
0.00857454
0.00828656
0.00892487
0.0081092
0.0083194
0.00938782
0.00846894
0.00893976
0.0100506
0.00908129
0.00927437
0.00859422
0.0150089
0.0147662
0.00913905
0.00899441
0.0100481
0.0137573
0.00936887
0.0091732
0.010291
0.00920745
0.0134428
0.0137998
0.00884425
0.00947535
0.00976219
0.00921617
0.00985756
0.0145144
0.0154193
0.00876858
0.0103849
0.0094112
0.016039
0.0100799
0.00986172
0.00954963
0.0103585
0.00984952
0.00935087
0.00991708
0.00971759
0.00955165
0.0100583
0.0119628
0.00960186
0.0103177
0.00944938
0.00940572
0.00984731
0.00938636
0.00977655
0.0174661
0.0166271
0.00980782
0.0163101
0.0157237
0.00901231
0.00986903
0.00941875
0.00939719
0.0101861
0.0101924
0.0166872
0.0106767
0.00970973
0.00983803
0.00974809
0.0092843
0.00897063
0.0141232
0.013311
0.0107548
0.00938572
0.0159398
0.0123451
0.0153959
0.00979571
0.00909572
0.00985434
0.00970646
0.0100763
0.0101894
0.00972909
0.00969633
0.010412
0.0102309
0.0098549
0.0150191
0.0102575
0.00952394
0.00952358
0.00928367
0.0138881
0.00931817
0.0151663
0.0092573
0.00940997
0.00872547
0.00949452
0.0123338
0.0103393
0.00933451
0.00942931
0.0133244
0.0134545
0.00991581
0.00938334
0.00946912
0.00950546
0.00940135
0.00925842
0.0117791
0.00956048
0.00938
0.00984754
0.00930407
0.00936898
0.00940161
0.00908926
0.00928685
0.0143439
0.0138005
0.00911204
0.0140907
0.00933179
0.00954764
0.00974335
0.00921394
0.00868347
0.00923929
0.00898975
0.00951936
0.0101718
0.00950612
0.0103783
0.0099864
0.00936813
0.0106318
0.00942133
0.00891629
0.00878721
0.0161796
0.00907274
0.009005
0.00909582
0.00925916
0.00925343
0.015547
0.00903015
0.00847043
0.00965508
0.0123447
0.00883837
0.00923361
0.00898993
0.00913445
0.0091778
0.00869715
0.00894734
0.0142732
0.0132943
0.0136543
0.00907559
0.00877482
0.0159256
0.00963724
0.00863848
0.00892792
0.00918774
0.00875089
0.00964002
0.0148201
0.00867217
0.0136325
0.0089582
0.0149573
0.00885481
0.01005
0.0130778
0.0133635
0.00974542
0.00919366
0.00913714
0.0102891
0.00943908
0.00975558
0.00934838
0.00966355
0.00943632
0.0097998
0.00908037
0.00877949
0.00911928
0.00911032
0.00843952
0.00942797
0.0089744
0.00905226
0.00940455
0.00914794
0.00913991
0.00942711
0.00910486
0.0111756
0.00981893
0.00990116
0.00970021
0.0158055
0.0138392
0.00925319
0.0160164
0.013959
0.0126755
0.0106728
0.0108179
0.0101365
0.010323
0.0105251
0.0106078
0.0147342
0.0108344
0.0102909
0.0178858
0.00980623
0.00938335
0.0102537
0.0097113
0.00916001
0.0170086
0.0163296
0.0168657
0.0110658
0.00995579
0.0100674
0.0107586
0.0114408
0.0170657
0.010996
0.0108721
0.0103502
0.0111711
0.0105118
0.0106373
0.0116287
0.0110186
0.0109061
0.010823
0.010827
0.0114132
0.0105888
0.0103953
0.0106952
0.0107284
0.0101858
0.0097298
0.0108361
0.0101867
0.0101762
0.0118268
0.0192404
0.01126
0.0117543
0.0116383
0.0114539
0.0115586
0.0120397
0.0160224
0.0125939
0.0122576
0.0117802
0.0125739
0.011572
0.0114251
0.011898
0.0113622
0.011573
0.0115128
0.0107207
0.010922
0.0161666
0.0144575
0.0139799
0.0129151
0.0114292
0.0105729
0.012104
0.0187839
0.0111589
0.011917
0.0171677
0.0131132
0.0190298
0.011974
0.0113008
0.0116798
0.0114391
0.0125557
0.0126392
0.0119555
0.0121954
0.018859
0.0119125
0.011157
0.0173271
0.0130491
0.0113621
0.0112158
0.0107316
0.0105735
0.0181926
0.0103255
0.0105502
0.0124274
0.0113352
0.010669
0.0108397
0.0103947
0.0118778
0.0193288
0.0183136
0.0106916
0.0109242
0.0106197
0.0107699
0.0118808
0.0107015
0.00971361
0.00881138
0.0152784
0.0100398
0.0176755
0.0100269
0.00941287
0.00961132
0.0110675
0.0106776
0.0113471
0.0110958
0.0108177
0.0108316
0.0109743
0.0123716
0.0111996
0.0104213
0.0102208
0.0138875
0.0110207
0.0102203
0.0109965
0.0145719
0.0101687
0.010697
0.0110093
0.0105314
0.0107887
0.0106746
0.010616
0.0185517
0.0104795
0.00999452
0.0107732
0.0100768
0.00995781
0.0103612
0.0101224
0.0104828
0.0100826
0.0098447
0.0103209
0.0107484
0.0107742
0.0100834
0.01089
0.00977462
0.00971228
0.0124926
0.0169974
0.010715
0.018178
0.0168355
0.0097192
0.0101881
0.0102456
0.00997841
0.0103082
0.0141582
0.00958251
0.016647
0.0099208
0.00933957
0.0101408
0.0109573
0.00952513
0.00982218
0.0153422
0.0158946
0.0160196
0.00932422
0.0156653
0.012034
0.00935787
0.00892427
0.00919517
0.00901853
0.00910037
0.00887661
0.00831775
0.00874769
0.0089612
0.0086162
0.00858448
0.013314
0.0144241
0.00893331
0.0147901
0.00926701
0.0151524
0.00959778
0.00870418
0.00911893
0.0143678
0.0123291
0.00937139
0.0109329
0.00913224
0.00857789
0.00942451
0.00896055
0.00883654
0.00866341
0.00898477
0.0086025
0.00887734
0.0126914
0.0123709
0.0146857
0.0127239
0.0134764
0.00894447
0.00815074
0.00820359
0.00918134
0.00841742
0.00965044
0.00948079
0.00841201
0.00852752
0.00968401
0.0129606
0.00848709
0.0131024
0.0127133
0.0126461
0.0131265
0.0129066
0.0118304
0.0140719
0.00827629
0.00839384
0.0126516
0.00903644
0.00863623
0.0164099
0.00888562
0.00845042
0.00918428
0.00877697
0.008534
0.0153057
0.0156296
0.00944107
0.0159752
0.0136342
0.0148855
0.0106328
0.00876668
0.00849825
0.00929325
0.00851025
0.00875644
0.00897345
0.00891075
0.00876926
0.0128729
0.00882603
0.00885698
0.0122156
0.00899347
0.00883776
0.00892584
0.00892274
0.00885337
0.00967053
0.00938733
0.00927344
0.00947715
0.00897832
0.0095287
0.00932397
0.00895032
0.00963475
0.00885611
0.00904912
0.0089763
0.016004
0.00885856
0.00858773
0.0165145
0.0131667
0.00929041
0.00916336
0.00903948
0.00906949
0.0164569
0.00893252
0.016212
0.0111275
0.00937869
0.00912736
0.00933964
0.0157609
0.00920721
0.00945898
0.0095158
0.00938579
0.00931649
0.0093002
0.00969441
0.00954428
0.00915472
0.0157293
0.00948153
0.0166802
0.00948299
0.00956542
0.00934237
0.00895236
0.00934174
0.0102183
0.00935462
0.0114178
0.00932722
0.00927314
0.00947336
0.00930221
0.00975075
0.0146699
0.0139842
0.00879379
0.0144043
0.0138535
0.0139302
0.011049
0.0138569
0.00924648
0.0121903
0.00928841
0.0096865
0.0107223
0.00910571
0.00916951
0.00964637
0.0125938
0.0147894
0.00959579
0.00905075
0.00886919
0.0127914
0.00929192
0.00899549
0.00920017
0.00917191
0.00894482
0.00981267
0.00927254
0.00935773
0.00924341
0.00900515
0.00999619
0.0122829
0.0102778
0.00934521
0.0168783
0.0142567
0.00945961
0.0104707
0.0100981
0.00984034
0.0181642
0.0117138
0.00932843
0.0170588
0.0100109
0.00974862
0.0107876
0.00971837
0.0098529
0.0101688
0.00972236
0.00989247
0.0107972
0.00968221
0.00954504
0.0120092
0.00985697
0.00957098
0.0175153
0.0163831
0.0163696
0.00954721
0.00976517
0.00950417
0.0101708
0.0100215
0.0146587
0.0127396
0.0100413
0.00957673
0.0100004
0.00985416
0.00967013
0.00979189
0.0157462
0.00969615
0.0141855
0.00996725
0.0108563
0.0123412
0.0100269
0.00991264
0.0109161
0.0101209
0.00967448
0.0101093
0.0103314
0.0101783
0.0141165
0.012599
0.0108318
0.0105007
0.0110238
0.0105226
0.0105905
0.0101849
0.0103422
0.0106337
0.0102012
0.00997113
0.00981584
0.0116384
0.0102716
0.00996783
0.0103713
0.00978569
0.0108919
0.0103779
0.00954737
0.00997671
0.00941249
0.0100569
0.0168524
0.0160492
0.0129815
0.0127311
0.00927802
0.00956369
0.0174476
0.0105253
0.00965369
0.00968805
0.00932329
0.00954336
0.014853
0.0145429
0.0142245
0.011765
0.0103825
0.0101391
0.0103908
0.011093
0.0168532
0.0104563
0.0100939
0.0103385
0.010259
0.00941954
0.00977844
0.0103823
0.0104822
0.00975976
0.011068
0.00974919
0.0111688
0.0104212
0.00998634
0.0111357
0.0111409
0.0108261
0.0105213
0.0114987
0.0104832
0.010599
0.0112708
0.00993174
0.0102029
0.0118895
0.00993459
0.0105321
0.0109973
0.0104239
0.0100515
0.0155104
0.00978509
0.00973482
0.00925973
0.0144934
0.00844951
0.00960841
0.00924184
0.0156657
0.0100752
0.00937387
0.00946169
0.0125086
0.0098713
0.00919724
0.00951461
0.0100065
0.0145382
0.00973556
0.00960697
0.00927193
0.0160724
0.0127172
0.0135747
0.0145645
0.00971583
0.00905697
0.00931925
0.00876323
0.00910496
0.0171516
0.00869327
0.00870027
0.0091934
0.010691
0.00980987
0.0158083
0.00849711
0.00814724
0.0125004
0.00845361
0.00878141
0.00914396
0.0151386
0.00792824
0.0149288
0.0154709
0.0138486
0.00948836
0.00955836
0.00989914
0.0190537
0.0140681
0.00934834
0.00868726
0.00978738
0.00994938
0.0107308
0.0103288
0.0128873
0.0103761
0.0150941
0.0149841
0.0146524
0.00982564
0.00885459
0.00917536
0.00918554
0.0098849
0.010071
0.0092134
0.00864325
0.0100591
0.00901168
0.00929102
0.00911599
0.00943577
0.00855571
0.00903914
0.00866289
0.00798332
0.00790254
0.00772286
0.00894461
0.00868272
0.00851117
0.00952562
0.016462
0.0148556
0.0104102
0.0140252
0.00821398
0.0135833
0.00864926
0.0133279
0.007845
0.0084753
0.00835896
0.0109991
0.00808907
0.00866972
0.00855565
0.00737294
0.0076675
0.00858324
0.00867774
0.00824877
0.00760414
0.00836945
0.00799354
0.00769581
0.0144893
0.00841024
0.00805542
0.0145518
0.00847949
0.015574
0.0156412
0.00865773
0.0158876
0.0118892
0.00953634
0.0151528
0.0155981
0.00957482
0.00987753
0.0110698
0.0101662
0.0101018
0.0108543
0.010472
0.0197771
0.0190346
0.0121479
0.0110083
0.0108999
0.010882
0.010648
0.0116158
0.0154169
0.0147813
0.015401
0.0152579
0.0111935
0.0214759
0.0201669
0.0113272
0.0110637
0.0116128
0.0206709
0.0135323
0.0191426
0.0112797
0.0118171
0.0112069
0.010556
0.0185594
0.010696
0.0188489
0.0136941
0.0112372
0.0109138
0.0140932
0.0182204
0.0124351
0.0102266
0.0104578
0.0100617
0.0118263
0.00979795
0.011535
0.0137194
0.0131385
0.0134705
0.00955345
0.0091527
0.00914028
0.00849399
0.00791182
0.00782436
0.0107465
0.0112468
0.00865733
0.00865504
0.00823036
0.00896885
0.00867673
0.00790659
0.00845335
0.0082409
0.00847509
0.00754504
0.0131656
0.00739463
0.0105125
0.00747725
0.00688276
0.010208
0.00749797
0.0123798
0.00739995
0.00779871
0.00709458
0.00696699
0.0128277
0.00843368
0.00762569
0.0075898
0.00751203
0.00780239
0.00762186
0.00826104
0.00723078
0.012629
0.0125302
0.0114816
0.00703424
0.00767674
0.00780836
0.00776438
0.00736281
0.00693745
0.0070382
0.00710991
0.0063591
0.00695581
0.00785179
0.00757237
0.00692684
0.0103381
0.0105921
0.0111972
0.00701564
0.00681288
0.00691358
0.00673591
0.00982803
0.00691829
0.00720115
0.00732153
0.00723433
0.00773768
0.00733746
0.00688824
0.00646147
0.00665415
0.0079934
0.00694157
0.00642199
0.00737002
0.00775718
0.00662916
0.0096242
0.00961236
0.0109921
0.00835162
0.00822718
0.00790349
0.0133638
0.0118393
0.00776717
0.00849301
0.00853376
0.00825531
0.00863217
0.00796536
0.00891373
0.00891283
0.00876028
0.00890189
0.00952398
0.00836653
0.00796607
0.00931107
0.0134425
0.0135568
0.00966915
0.0137904
0.00820741
0.00934167
0.00929551
0.00863647
0.00875046
0.00860157
0.00947123
0.00935685
0.00823891
0.00806188
0.010049
0.0080599
0.0083593
0.00809139
0.00796121
0.0083838
0.00856854
0.00857279
0.00816401
0.00836473
0.00861845
0.0143211
0.0124843
0.0138474
0.00896149
0.00931705
0.00884212
0.00791402
0.00796499
0.00856061
0.00834579
0.00838626
0.00862694
0.00848406
0.00816216
0.0132885
0.00753211
0.00794263
0.00770275
0.0129543
0.00762246
0.00747866
0.00752084
0.0077666
0.00754268
0.0135199
0.0121639
0.00788303
0.00793011
0.0080892
0.00773655
0.00747615
0.00825639
0.0115754
0.00863201
0.00869358
0.00810006
0.00797324
0.0125457
0.00783724
0.00909377
0.00834243
0.00856923
0.00776715
0.00812632
0.00798994
0.00777865
0.00816994
0.00827264
0.00796891
0.0127712
0.00813381
0.0082504
0.00918703
0.00831336
0.00815669
0.00907058
0.00835958
0.00797991
0.00872481
0.00814545
0.00800394
0.011418
0.00770125
0.00802617
0.0120594
0.00866517
0.0135967
0.0135628
0.00758438
0.00836361
0.00829808
0.0130498
0.00785395
0.0107226
0.00801649
0.00804761
0.0085139
0.0082815
0.00804948
0.00857042
0.00833131
0.00779167
0.00824758
0.00794927
0.00787717
0.00975051
0.00895744
0.00878141
0.00855479
0.00855002
0.00813814
0.00873872
0.0083667
0.0102257
0.00870463
0.00826424
0.00856411
0.0121351
0.00803879
0.00812331
0.00903975
0.00915711
0.00797706
0.0085029
0.00778319
0.0076833
0.00902146
0.00775296
0.00846749
0.0147346
0.00808226
0.00835437
0.0081997
0.0135432
0.00857549
0.00829433
0.00792297
0.00841718
0.00923604
0.00857532
0.00772946
0.00881294
0.00863031
0.00896367
0.00856517
0.00842763
0.00843227
0.0081497
0.00834111
0.0140513
0.00815071
0.00806932
0.00865574
0.00823952
0.0136499
0.00828459
0.0119406
0.00911898
0.00843154
0.00874836
0.00848157
0.00786394
0.0138012
0.0136588
0.0112559
0.0107332
0.0083858
0.00818633
0.00855724
0.00927645
0.00802832
0.00849982
0.00827185
0.00835772
0.00842907
0.00807997
0.00915687
0.0128235
0.00839914
0.00786652
0.00850372
0.00834811
0.00811117
0.0142662
0.00836867
0.0082138
0.00866823
0.00825365
0.0115235
0.0122177
0.00887122
0.00827004
0.00841013
0.00936292
0.00925322
0.00978938
0.00824943
0.0082151
0.00910768
0.00839499
0.00937713
0.0139636
0.00825942
0.0089502
0.00873691
0.00847104
0.0083309
0.0098193
0.0083333
0.00883962
0.00871463
0.00812329
0.00823021
0.0110174
0.00887079
0.00859203
0.00877884
0.00887435
0.0122572
0.0130549
0.00870161
0.00869996
0.0134116
0.00860412
0.00978507
0.0124293
0.0139232
0.00796621
0.0087695
0.00847397
0.00843007
0.00882894
0.0118476
0.00806361
0.0138229
0.0114484
0.011868
0.0133412
0.0085295
0.00803636
0.00892158
0.0119112
0.0092646
0.00884715
0.00835043
0.00828203
0.00891571
0.00843035
0.00910355
0.0126938
0.00935788
0.00866119
0.00893877
0.00859666
0.00815867
0.0141185
0.0130948
0.00834942
0.0088613
0.00892311
0.00884792
0.013657
0.00838697
0.00834895
0.00859168
0.00864522
0.00852828
0.00861208
0.00851165
0.00857673
0.00853827
0.00840989
0.00855897
0.0115897
0.0142481
0.00798139
0.00985453
0.00848447
0.0082943
0.00859321
0.00901254
0.00830285
0.00939482
0.00899107
0.00989211
0.0111589
0.00956961
0.00941093
0.00856276
0.00841579
0.00876113
0.00892761
0.00878407
0.00829331
0.0087788
0.00845138
0.00842184
0.0102366
0.0145715
0.00843146
0.00873032
0.00869756
0.01235
0.00917656
0.00973442
0.0140124
0.0142663
0.00820467
0.00872968
0.0110083
0.0130994
0.00851695
0.00846655
0.00893588
0.00924683
0.00882162
0.00846069
0.00881067
0.00926627
0.00908739
0.0088552
0.015814
0.0082552
0.00826484
0.00861472
0.00872934
0.00829527
0.00894512
0.00840282
0.00880546
0.00972359
0.0090112
0.00811884
0.00859068
0.00925166
0.00874011
0.00928026
0.00869766
0.00879732
0.00936289
0.0123283
0.0084413
0.0128389
0.0086515
0.00973907
0.0130145
0.00883472
0.010103
0.00896787
0.00910706
0.00847167
0.0153804
0.0087603
0.00895331
0.00873787
0.00937082
0.00828696
0.0108019
0.0114436
0.00841289
0.00915668
0.00894223
0.0084554
0.0126025
0.0091082
0.00883916
0.00940658
0.00939518
0.00850741
0.0110408
0.00877887
0.0153456
0.00927927
