0.0154713
0.00978801
0.00869724
0.00886001
0.00883714
0.0122976
0.0120475
0.00863179
0.00862741
0.00841786
0.00851104
0.0105427
0.00810777
0.00782953
0.00746115
0.00708061
0.0070346
0.00694929
0.00685279
0.00704058
0.00616387
0.00638219
0.006217
0.00601696
0.00586595
0.00623727
0.00585493
0.00685191
0.0060373
0.00612465
0.00599181
0.00584537
0.00603948
0.00590065
0.00634496
0.00636469
0.00606765
0.00621567
0.00624472
0.0061535
0.00609863
0.00623776
0.00617724
0.00629862
0.00669962
0.00670852
0.00660711
0.00803097
0.00735148
0.00706407
0.00766093
0.00768974
0.00794818
0.0106973
0.00826847
0.00858644
0.0088033
0.00930707
0.00947191
0.00967861
0.010294
0.0144769
0.0106543
0.0111175
0.0119574
0.011912
0.012329
0.0133496
0.0145699
0.0147473
0.0144843
0.0152082
0.0150947
0.0153352
0.0150794
0.0150928
0.0154005
0.0149272
0.0147814
0.0156036
0.0203925
0.020586
0.0208184
0.0214026
0.0209469
0.0148641
0.0154556
0.0153398
0.0154471
0.0161996
0.0153039
0.0152424
0.0147561
0.0147214
0.0143327
0.0140012
0.0138647
0.0138787
0.0133556
0.0128147
0.012794
0.0142228
0.0124856
0.0127477
0.0131411
0.0138039
0.012923
0.0126603
0.012011
0.011888
0.0121497
0.0120758
0.0124706
0.0116563
0.0117755
0.0122493
0.0119437
0.0121307
0.0118622
0.0119657
0.0121488
0.0121517
0.0122491
0.0121067
0.012284
0.0126972
0.0123038
0.0133626
0.0132649
0.0135182
0.0129135
0.0134217
0.0131489
0.0133657
0.016772
0.0198151
0.0145424
0.0155036
0.0216787
0.0184024
0.0169102
0.0182991
0.0178024
0.0169123
0.0175881
0.0174069
0.0178508
0.0231806
0.0163338
0.0175704
0.0215657
0.0178505
0.0166153
0.0167292
0.0171191
0.0157332
0.0157981
0.0157545
0.0161785
0.0163824
0.0161576
0.0231857
0.0163217
0.018506
0.0158714
0.0156602
0.0158876
0.02182
0.0156281
0.0161853
0.0154774
0.0155743
0.0157584
0.0161668
0.0163265
0.0160964
0.0168135
0.0160947
0.016342
0.017449
0.0156941
0.0174146
0.0188169
0.0156218
0.0154577
0.021113
0.0155931
0.0217516
0.0169781
0.0157512
0.0157603
0.015698
0.0158251
0.022529
0.0165853
0.0160378
0.0163874
0.0162798
0.0165124
0.017003
0.0173241
0.0163925
0.0166006
0.0160334
0.0160746
0.0166498
0.0163064
0.0163794
0.016438
0.0172597
0.023328
0.0168016
0.0158769
0.015937
0.0159804
0.0161635
0.0173888
0.0156746
0.0160162
0.0220931
0.0185003
0.0231627
0.0162477
0.0160089
0.0165565
0.016378
0.0157646
0.0154668
0.0160681
0.0212571
0.0159819
0.0150709
0.0149483
0.0145694
0.0148274
0.015999
0.0151338
0.0141373
0.0142228
0.0141607
0.0142389
0.014279
0.0134798
0.0130275
0.012947
0.0173056
0.012015
0.0116854
0.0112403
0.0111582
0.0110082
0.0138691
0.00978958
0.00970811
0.00911396
0.00903581
0.00910286
0.0122067
0.00872762
0.00809024
0.00885114
0.00847912
0.0109858
0.00779869
0.00824131
0.0124784
0.00931536
0.00925403
0.00961414
0.0102288
0.00957839
0.0136876
0.00971959
0.00961518
0.00979799
0.0108453
0.0111793
0.0108833
0.0110122
0.0115384
0.0126656
0.0170888
0.0126745
0.0182727
0.0125192
0.0124912
0.012595
0.0120812
0.0162971
0.0117489
0.0117551
0.0110542
0.011463
0.0114701
0.0109479
0.0110491
0.011427
0.0121568
0.0117482
0.0112378
0.0112315
0.0111102
0.0112488
0.0118246
0.0121305
0.0162339
0.0117715
0.0123465
0.0166398
0.0119792
0.0123507
0.0164625
0.0124952
0.0168518
0.0122628
0.0122156
0.012101
0.0186073
0.0126355
0.0127767
0.0131135
0.013264
0.0129508
0.0138499
0.0128599
0.0128003
0.013088
0.0127914
0.0134847
0.0127013
0.0129782
0.0131224
0.0125746
0.0127262
0.0129301
0.0136145
0.0134389
0.0132159
0.0180802
0.0136367
0.0133336
0.018738
0.0141879
0.0194926
0.0142586
0.0140749
0.014765
0.0184262
0.019368
0.01364
0.0138299
0.0137603
0.0138806
0.0166462
0.0136395
0.0143686
0.0137219
0.0136867
0.0138069
0.0133784
0.0134871
0.0134673
0.013583
0.0191486
0.0149961
0.0169553
0.0137989
0.0149117
0.0135378
0.0133892
0.0135584
0.0177286
0.0125849
0.016865
0.012222
0.0126029
0.0136199
0.015845
0.0117928
0.0120634
0.0133876
0.012799
0.0137036
0.013331
0.0175582
0.0168505
0.0132379
0.0131125
0.013155
0.0139352
0.0131672
0.0132371
0.0134616
0.013358
0.0183969
0.0138079
0.018185
0.0136187
0.013846
0.0131288
0.0137696
0.0169756
0.013127
0.0135645
0.0135126
0.014423
0.0138475
0.0165212
0.0176129
0.0194062
0.0139079
0.0134445
0.0135636
0.0145137
0.0141628
0.0194773
0.0140549
0.0140156
0.0148034
0.0140749
0.0140745
0.0196092
0.0139469
0.0138389
0.0138205
0.0195787
0.0190125
0.0145805
0.0172485
0.0137951
0.0148242
0.0133622
0.0123088
0.0139421
0.0122351
0.0122878
0.0125505
0.0159132
0.0133682
0.0125201
0.0126076
0.0119011
0.0126029
0.0121394
0.0120844
0.012555
0.0122387
0.0123215
0.0121053
0.0185645
0.0117162
0.0115384
0.0114457
0.0110079
0.0113533
0.0111408
0.0112955
0.0109569
0.0110232
0.0106128
0.0107022
0.0159084
0.0152274
0.0122105
0.0116808
0.0152327
0.015549
0.0110152
0.0152843
0.0150869
0.0145495
0.0106236
0.0104291
0.0146436
0.00933501
0.009115
0.00860224
0.00854992
0.00883338
0.00805628
0.00789418
0.0110379
0.0107651
0.00757341
0.00721264
0.00764733
0.00776696
0.00825613
0.0102626
0.0101107
0.00781244
0.00740665
0.0104547
0.00772714
0.00764576
0.00785619
0.0109909
0.010835
0.0114635
0.00792922
0.00727217
0.00726724
0.00863641
0.00760162
0.00727935
0.00806106
0.00800749
0.00725762
0.00754169
0.00911054
0.00785658
0.00777712
0.00806242
0.00828591
0.00881086
0.00868061
0.00876532
0.00950095
0.0134252
0.0101343
0.0114542
0.0126282
0.0106944
0.0107093
0.0107444
0.0149532
0.0133602
0.0106666
0.010733
0.0150319
0.0108394
0.0115661
0.0100812
0.011616
0.0134056
0.0102707
0.00986896
0.0102091
0.0100675
0.00979569
0.0102597
0.0133136
0.00954325
0.00949446
0.0102551
0.013645
0.00930353
0.00915057
0.00916073
0.00887727
0.00904389
0.00910348
0.00918934
0.00877831
0.00848128
0.00874314
0.00982107
0.00916778
0.00865416
0.00929801
0.00886686
0.00908677
0.00932404
0.00915141
0.00911706
0.00921177
0.00912377
0.00962447
0.0121503
0.00996447
0.00928748
0.00986306
0.00973605
0.00893521
0.00910329
0.00909963
0.0126384
0.00909793
0.00894668
0.00917097
0.00910169
0.011093
0.00937676
0.0112655
0.00960731
0.0101171
0.0143502
0.010635
0.010673
0.0109939
0.0116099
0.0120398
0.0121803
0.0129978
0.0136075
0.0138547
0.0136831
0.0134033
0.0136142
0.0132353
0.0134326
0.0145214
0.0131536
0.0128442
0.017588
0.0146294
0.0128347
0.0126732
0.0122879
0.0119737
0.0119651
0.0118732
0.0119491
0.011853
0.0116695
0.0114897
0.0121662
0.012341
0.0112954
0.0122714
0.0114969
0.0116784
0.0109821
0.0112447
0.011143
0.0110383
0.0110923
0.0107891
0.0107437
0.0117999
0.0111572
0.0165153
0.012025
0.0121767
0.0137062
0.0118672
0.0118639
0.0119063
0.0116906
0.0121802
0.0122841
0.0126822
0.0121881
0.012562
0.0126116
0.0124437
0.0124563
0.0123093
0.0126795
0.0127786
0.0128483
0.0131119
0.013067
0.0128291
0.0129922
0.0131951
0.0131978
0.0135993
0.0132527
0.0135262
0.0130344
0.0187295
0.0134981
0.0136169
0.0136192
0.0144482
0.0136446
0.0163307
0.0138191
0.0138722
0.0143899
0.0139447
0.0138658
0.0135132
0.013544
0.0131804
0.0135287
0.0191189
0.0142991
0.0135203
0.0133718
0.0131906
0.0132473
0.0130966
0.0133531
0.0129749
0.0176447
0.0127801
0.0127379
0.012902
0.0167595
0.0125833
0.0120534
0.0119129
0.0116938
0.0117544
0.0116531
0.0163511
0.0116877
0.0115789
0.011434
0.0133169
0.0117641
0.0119621
0.011876
0.0122193
0.0120376
0.0115369
0.0116162
0.011687
0.0121272
0.0119352
0.0165751
0.0167595
0.0161033
0.0119236
0.0116267
0.011495
0.0119597
0.0115463
0.0115286
0.0113844
0.0128502
0.0122247
0.0117282
0.01273
0.0162292
0.0133574
0.0161701
0.0114421
0.0165827
0.0121525
0.0126493
0.0124695
0.012509
0.0128646
0.0171339
0.017539
0.0165657
0.0168047
0.0161331
0.011441
0.0113105
0.0109664
0.0111811
0.0106945
0.0148113
0.0145753
0.0103655
0.0134046
0.0101982
0.0143769
0.0140997
0.0103677
0.0105045
0.0104534
0.0104703
0.0106246
0.0102111
0.0101486
0.0139247
0.0133261
0.00988776
0.00973474
0.013302
0.00951657
0.00975419
0.0125303
0.0100202
0.00915961
0.00916596
0.00914878
0.00939914
0.0096409
0.00978467
0.00943914
0.00960024
0.00936355
0.00960203
0.00998926
0.00965477
0.00957983
0.00938882
0.00984804
0.00963263
0.0103273
0.00977052
0.00951089
0.00937468
0.00935397
0.00926778
0.0125706
0.0129204
0.00919735
0.00936668
0.00936596
0.0126912
0.00937614
0.00907157
0.00889009
0.00885403
0.00878711
0.011862
0.00867343
0.0120285
0.00858746
0.00888803
0.0089354
0.0121232
0.0102073
0.00860533
0.00867589
0.00876074
0.00893936
0.00874359
0.00861735
0.00872487
0.00922329
0.00883886
0.00921134
0.00938189
0.0126485
0.0126512
0.00944096
0.00926998
0.00957148
0.0151587
0.0103064
0.0128628
0.00970867
0.00930288
0.00962723
0.00970144
0.0103927
0.0101555
0.0101805
0.0103819
0.0105827
0.0103741
0.0104512
0.0109407
0.0144395
0.0148333
0.0149771
0.0106887
0.0115084
0.0108179
0.0115048
0.0118014
0.0113947
0.0113965
0.0117365
0.0118912
0.0166407
0.0126222
0.0130432
0.0127354
0.0132207
0.0129068
0.0129971
0.0137443
0.0142138
0.0141816
0.0185007
0.0183954
0.0135661
0.0134914
0.0140774
0.0138145
0.0152763
0.0137971
0.0139049
0.0148693
0.0139716
0.0139231
0.0140017
0.0138527
0.0139711
0.0140835
0.0137801
0.0189978
0.0143247
0.0134541
0.0142284
0.0134933
0.01351
0.0137744
0.0137646
0.0134491
0.0186153
0.0139851
0.0142103
0.0142243
0.020448
0.0140985
0.0145032
0.0187357
0.0138255
0.0134056
0.0139338
0.0134241
0.0142387
0.0134079
0.0138125
0.0138349
0.0136725
0.0129212
0.0129195
0.0128718
0.0130399
0.0131267
0.0132643
0.0177693
0.0131192
0.0130215
0.0129228
0.0127565
0.0143485
0.0129094
0.012975
0.0134725
0.0141346
0.0177697
0.015659
0.0166437
0.0169421
0.0128883
0.0127431
0.0172362
0.0153565
0.0128564
0.0134676
0.0126596
0.0128062
0.0132725
0.0127889
0.012539
0.0124311
0.0127913
0.0120932
0.0121171
0.0125862
0.0177852
0.0124937
0.0123431
0.0129309
0.012535
0.0170281
0.0125427
0.017159
0.0127931
0.0125903
0.0127229
0.0168284
0.017035
0.01252
0.0127266
0.012149
0.0127001
0.0123008
0.0120647
0.0122012
0.0123108
0.0125017
0.0126805
0.0133421
0.0123667
0.0128845
0.012443
0.0162956
0.012215
0.0124054
0.012008
0.0122551
0.0122085
0.0122144
0.0124914
0.0121791
0.0120466
0.0122266
0.0122183
0.0122715
0.0123319
0.0125017
0.0122008
0.0163967
0.0165382
0.0122844
0.0124271
0.0122886
0.0122694
0.0121074
0.0117709
0.0122559
0.0161091
0.0117205
0.011888
0.0119509
0.0121631
0.0158251
0.0159771
0.012618
0.0151304
0.0157975
0.0114951
0.0114566
0.0163091
0.011396
0.0115249
0.0154945
0.0116982
0.0119718
0.0114537
0.0112935
0.0121261
0.012388
0.0126161
0.0112289
0.0112803
0.0112742
0.0134013
0.0162703
0.0117819
0.0113609
0.0113776
0.0113535
0.0113908
0.0115409
0.0114665
0.0114956
0.0116043
0.011767
0.0115821
0.0117381
0.0113559
0.0117061
0.0115616
0.014138
0.0118109
0.0115327
0.0116242
0.0114286
0.0113629
0.0114335
0.0116132
0.0125636
0.011485
0.0155006
0.0156155
0.0134325
0.0116895
0.01176
0.0114774
0.0120528
0.0159258
0.0115067
0.011469
0.0136201
0.0158664
0.0126306
0.0117026
0.0132285
0.0115158
0.0118705
0.0115765
0.0117757
0.0117378
0.0112799
0.0116869
0.0155811
0.0125633
0.0113855
0.011607
0.0120878
0.0117587
0.0120137
0.0117939
0.0133435
0.0120727
0.0124708
0.0115924
0.0121411
0.0119843
0.011937
0.0114879
0.012274
0.0117228
0.0119242
0.0119032
0.0121576
0.0119541
0.0115037
0.0122657
0.0116825
0.0118781
0.0118116
0.0128758
0.0150594
0.0119467
0.0125389
0.0118885
0.0145511
0.0119483
0.0124821
0.0122667
0.0122048
0.012228
0.0122073
0.0118645
0.0145091
0.0121798
0.0122398
0.0119455
0.0167445
0.0121977
0.0128662
0.0121825
0.0120221
0.0130604
0.0119947
0.0120379
0.0120478
0.0162953
0.0122027
0.0120883
0.0120313
0.0120796
0.012363
0.0122596
0.011999
0.01226
0.0122201
0.012383
0.0125409
0.0124502
0.0121336
0.012154
0.0123347
0.0120655
0.0119023
0.0124861
0.0122918
0.0122736
0.0123291
0.0159558
0.0122005
0.0119909
0.0142873
0.0121441
0.0123573
0.0122031
0.0128019
0.0126888
0.0123794
0.0118199
0.0115453
0.0121041
0.0121156
0.0119046
0.0157317
0.0118867
0.0120297
0.0158471
0.0114548
0.0111205
0.011239
0.011607
0.0111784
0.011214
0.0112282
0.0111131
0.0112005
0.0112555
0.0124582
0.0111313
0.0116003
0.0110407
0.0152006
0.0111927
0.0109842
0.0115081
0.0116246
0.0113567
0.0149083
0.0110535
0.0153202
0.0113623
0.011128
0.0116194
0.011092
0.015034
0.0123349
0.0151583
0.0139389
0.0115952
0.0112937
0.0113003
0.0111138
0.0150228
0.0149947
0.0115642
0.013124
0.0111593
0.0112784
0.0155026
0.0121997
0.0116616
0.0116428
0.0112805
0.01131
0.0113012
0.0112743
0.0111896
0.0111776
0.0112458
0.0113111
0.0112011
0.0113802
0.0112308
0.0114011
0.0152933
0.0130681
0.0155854
0.0140003
0.0154387
0.0121228
0.0154521
0.0156249
0.0114012
0.0120343
0.0114357
0.0115448
0.0116023
0.0115103
0.0114301
0.0115685
0.0117398
0.0155293
0.0116865
0.011961
0.015972
0.0149543
0.0119801
0.0118452
0.0152576
0.0124325
0.0118998
0.0117308
0.011498
0.011712
0.0112242
0.0116318
0.0114796
0.0118418
0.0115411
0.0116074
0.0114378
0.0116765
0.0116218
0.0113109
0.0112756
0.0156318
0.0118
0.0117824
0.0112754
0.0116565
0.0152702
0.0152239
0.0110502
0.0114314
0.0112988
0.0111612
0.0112223
0.0112154
0.0112588
0.0110585
0.0114254
0.0152885
0.0116261
0.0113309
0.0111884
0.0110294
0.0109972
0.0111942
0.0113624
0.0148454
0.015107
0.0153691
0.011131
0.0111979
0.0110901
0.0148366
0.0108764
0.0110505
0.0151423
0.0111261
0.0110909
0.0111432
0.0109081
0.011122
0.0110137
0.0149118
0.011389
0.0113123
0.0112392
0.0114406
0.0111253
0.0113777
0.0110594
0.0112147
0.0110243
0.0112075
0.0119198
0.0110217
0.0107847
0.010878
0.0112682
0.0107641
0.0111706
0.0108561
0.0121791
0.0107799
0.0107588
0.0111312
0.0112456
0.0111571
0.0112665
0.0145603
0.0111762
0.0139923
0.0109079
0.0147439
0.0107291
0.0110824
0.0111574
0.0110501
0.0109812
0.0149488
0.0145719
0.0122856
0.0108917
0.0110526
0.0118311
0.0109538
0.0147999
0.0110102
0.0110157
0.0113042
0.0109235
0.0113481
0.0151044
0.0147426
0.0108196
0.0108551
0.0108539
0.011746
0.0109572
0.0109545
0.011241
0.011129
0.0111125
0.0148211
0.0109128
0.0109234
0.0146926
0.0110822
0.015058
0.0130389
0.0115179
0.0146274
0.0112057
0.011126
0.0111746
0.0113193
0.011331
0.0111523
0.0115807
0.01107
0.0114234
0.0122003
0.0109758
0.0113401
0.0112516
0.015011
0.0110291
0.0120621
0.0110459
0.0112177
0.0114872
0.0110472
0.0119065
0.0112913
0.0118373
0.0154767
0.0110884
0.0115955
0.0150924
0.0114354
0.011088
0.0125788
0.0120262
0.0111191
0.0111465
0.0113077
0.011366
0.0112616
0.0113486
0.0112764
0.0112694
0.0148458
0.0113359
0.0152326
0.01129
0.015659
0.0114697
0.0152294
0.0114303
0.011326
0.0117318
0.0112273
0.011292
0.0115287
0.0152792
0.0150618
0.0109971
0.0113833
0.0150917
0.0133123
0.0113309
0.0111029
0.0114727
0.0113556
0.0121687
0.0113244
0.0123877
0.0125148
0.011102
0.0112035
0.0111683
0.0115328
0.0126271
0.0115085
0.0151842
0.0150944
0.014977
0.0118987
0.0112121
0.0125537
0.0110517
0.0150371
0.0152053
0.0151233
0.0150654
0.0150901
0.0114939
0.0113493
0.0118365
0.0114938
0.0114486
0.0117773
0.0115522
0.0114845
0.0122549
0.0117486
0.0117336
0.0119144
0.0119062
0.01169
0.012012
0.0191153
0.0122868
0.0122997
0.0128677
0.0124732
0.0124208
0.0120844
0.0121838
0.012024
0.0119366
0.0121984
0.0121643
0.0120474
0.0119989
0.0122831
0.012574
0.0123285
0.0168945
0.0123214
0.0126008
0.0131486
0.0126137
0.0122801
0.0125158
0.0160842
0.0173284
0.0178484
0.0126451
0.0130364
0.0128958
0.015684
0.0176883
0.0131153
0.0132222
0.0138654
0.0180869
0.0185909
0.0183927
0.0140797
0.0138016
0.0137422
0.01342
0.0146505
0.0138941
0.0137387
0.0139706
0.0135961
0.0138175
0.018464
0.0138795
0.0143031
0.0147976
0.0140327
0.0136544
0.0141941
0.0142143
0.013994
0.0138233
0.0140239
0.014184
0.0154018
0.0136273
0.0147542
0.0142728
0.0145373
0.0147541
0.014333
0.0136332
0.0136833
0.0139172
0.0139442
0.0137659
0.0178526
0.0142865
0.0157264
0.0140729
0.01375
0.0137194
0.0139696
0.0138837
0.0141749
0.0139779
0.0136414
0.0137717
0.0138537
0.018817
0.0138461
0.0136563
0.0139537
0.0138002
0.0142961
0.013819
0.0138078
0.0141782
0.0140412
0.0140843
0.0144977
0.0151214
0.0193209
0.0147827
0.0140308
0.0140681
0.0139318
0.0140326
0.0146619
0.014635
0.0141785
0.0142029
0.0196331
0.0142241
0.0144043
0.0142859
0.0145354
0.0146104
0.014634
0.015447
0.0144253
0.01405
0.0147291
0.014306
0.0196989
0.0189787
0.0149714
0.0147178
0.0145016
0.0145287
0.0140893
0.0186391
0.0140185
0.0141025
0.0141349
0.0141004
0.0138718
0.0140064
0.0150821
0.0139686
0.0140247
0.0139461
0.0139848
0.0146445
0.0140465
0.0142545
0.014043
0.0144564
0.0187626
0.0143634
0.0192346
0.01968
0.0145728
0.0148301
0.0143336
0.0147556
0.0152282
0.0149628
0.0159288
0.0165512
0.0158756
0.0155958
0.016053
0.0161174
0.0168924
0.0160216
0.0154916
0.0155976
0.0153715
0.0150346
0.0144155
0.0149778
0.0151301
0.0149444
0.0151209
0.0153016
0.0153113
0.0197252
0.0152819
0.0200035
0.0194994
0.0146838
0.0149372
0.0188542
0.0151162
0.0147224
0.0148337
0.014444
0.0151551
0.0143606
0.0145836
0.0151301
0.0151083
0.0150555
0.0152142
0.0148328
0.0158693
0.0179259
0.0143816
0.0146997
0.0190648
0.0160375
0.0141614
0.0143492
0.0145069
0.014246
0.0185214
0.0141545
0.0168661
0.0135575
0.0137744
0.0185339
0.014087
0.014279
0.0133737
0.0140061
0.0142419
0.0132629
0.0139458
0.0138219
0.0192339
0.0134633
0.0139895
0.0181115
0.0182726
0.0136925
0.0140261
0.013958
0.0141494
0.0147545
0.0145493
0.0190607
0.0144199
0.0145672
0.0156181
0.0143016
0.0141515
0.0146272
0.0138761
0.0189538
0.0188652
0.0143001
0.0141852
0.0143312
0.0143318
0.0146625
0.0149817
0.0147241
0.0147926
0.0145891
0.0153655
0.0200867
0.0145546
0.0149521
0.0140944
0.0147249
0.0145049
0.0140855
0.0144853
0.0147107
0.0147597
0.0140383
0.0139735
0.0188992
0.0189572
0.0187502
0.0134981
0.0146791
0.0147751
0.0137847
0.014684
0.0147589
0.0138911
0.0139438
0.0138996
0.0139282
0.0143173
0.0148583
0.014404
0.014383
0.014668
0.0149195
0.0142705
0.014181
0.0138124
0.0146664
0.0139371
0.0189437
0.0138073
0.0136493
0.0186653
0.0148308
0.0140514
0.0139453
0.0140173
0.0141293
0.0136708
0.0134189
0.013201
0.0131193
0.0134028
0.0132721
0.0136343
0.0135948
0.0141793
0.0132316
0.013424
0.0136591
0.0138295
0.0180757
0.0132641
0.0138067
0.0134163
0.0135195
0.0136251
0.0138046
0.0180882
0.0135436
0.0134201
0.0181881
0.013743
0.0136864
0.0135001
0.0133143
0.0150153
0.0129748
0.0134321
0.0129712
0.0132487
0.0126954
0.0122702
0.0132102
0.0167403
0.0124095
0.012015
0.0123312
0.0116446
0.0115495
0.0118932
0.0157616
0.0153492
0.011349
0.0124151
0.0149998
0.0147172
0.0111616
0.0108853
0.0107915
0.0107498
0.0109183
0.0104854
0.0104501
0.0109928
0.0108335
0.0105023
0.0106026
0.0112886
0.0104456
0.0106148
0.0102779
0.0101007
0.0136913
0.0100673
0.00987901
0.0100559
0.0104269
0.0100666
0.00991979
0.00970953
0.00982162
0.0095255
0.00913499
0.00921525
0.00972074
0.0100508
0.0137076
0.00960835
0.0103081
0.0125567
0.00907348
0.00934381
0.00943062
0.00954742
0.00945521
0.012816
0.00955945
0.00949338
0.00979813
0.00968344
0.0101413
0.0142646
0.014827
0.0119423
0.0113494
0.0116916
0.011933
0.0118015
0.016708
0.0167681
0.012206
0.0124878
0.0129309
0.0127356
0.0129837
0.0136337
0.0175272
0.0129424
0.0131179
0.0132478
0.0132877
0.0132483
0.0135106
0.0140406
0.0185783
0.0145661
0.0141567
0.0138094
0.014154
0.0136352
0.0140313
0.0141243
0.014458
0.0145378
0.0146674
0.0152683
0.0144233
0.0139945
0.0187059
0.0217756
0.0158805
0.0161362
0.0151332
0.0150249
0.0144198
0.0159407
0.0202207
0.0196545
0.014993
0.0151847
0.0147618
0.0139868
0.0145984
0.0143247
0.0142699
0.018944
0.0141435
0.01515
0.0142358
0.0142715
0.01437
0.014237
0.0190196
0.0142799
0.0148182
0.0145636
0.0188639
0.013727
0.0144295
0.0181666
0.0134835
0.0137946
0.0137995
0.0131191
0.0128595
0.012371
0.0121625
0.0118112
0.0115762
0.01512
0.0111165
0.0113258
0.0107783
0.01024
0.01378
0.0110996
0.00980365
0.010024
0.00919056
0.00891791
0.00874107
0.0084328
0.00845864
0.00809491
0.00799496
0.0107262
0.00788198
0.0107829
0.0074576
0.0103487
0.00759407
0.00754125
0.00770444
0.00737079
0.00754122
0.00836885
0.00833634
0.0123404
0.0111443
0.00929999
0.0112677
0.00810757
0.00837003
0.00775395
0.00780265
0.00759597
0.0107397
0.00793535
0.00800758
0.0118558
0.00842263
0.00847038
0.00855726
0.00842725
0.00871922
0.00866016
0.00844691
0.00863633
0.00878083
0.00894521
0.00914379
0.0106632
0.00916499
0.00914201
0.00893955
0.00893669
0.0124171
0.00890248
0.00887946
0.00904959
0.00893491
0.00914008
0.00968876
0.00979655
0.00962856
0.0103594
0.0103643
0.00965414
0.0098923
0.0108911
0.00980873
0.00993468
0.00975361
0.0101585
0.010215
0.0119695
0.0141086
0.0109716
0.0144237
0.0147583
0.0106315
0.0107342
0.0150118
0.0113017
0.0112208
0.011267
0.0126287
0.0117592
0.0118867
0.0125417
0.0109853
0.0111989
0.0111343
0.0111584
0.0151644
0.0151601
0.0149852
0.0152042
0.0150583
0.0116992
0.0111435
0.0110623
0.0112335
0.0118766
0.0112798
0.0115986
0.0116375
0.011739
0.0119858
0.011949
0.011934
0.0169024
0.0162633
0.0123733
0.0154254
0.0122806
0.016577
0.0129497
0.0124762
0.0125181
0.0164886
0.0123492
0.0127078
0.0122603
0.011854
0.0132793
0.0121586
0.0117676
0.0121641
0.0123806
0.0120001
0.0122433
0.0116098
0.0117744
0.0170912
0.0125337
0.0117321
0.0119297
0.0123208
0.0116513
0.0117509
0.0112843
0.011611
0.0112934
0.0125851
0.0117016
0.0117181
0.0117072
0.0113171
0.0113572
0.011295
0.0111941
0.0113414
0.0111573
0.0113804
0.0113465
0.015172
0.0134126
0.0116949
0.0121247
0.0126
0.0158332
0.0115835
0.0114497
0.011476
0.011796
0.0119918
0.0116449
0.0159263
0.0114881
0.0118672
0.0121334
0.011564
0.0159564
0.0150535
0.0117171
0.0162108
0.0119732
0.0119859
0.0119116
0.0119106
0.0119019
0.0121091
0.0127408
0.0122863
0.0160258
0.0118915
0.0130865
0.0122752
0.0119954
0.0122265
0.0120119
0.0125384
0.0128228
0.0127327
0.0150158
0.0119218
0.012738
0.0128875
0.0125419
0.0122592
0.0121184
0.0118178
0.016377
0.0163267
0.0122001
0.016593
0.0159599
0.0129028
0.0119374
0.0118761
0.0120995
0.0121159
0.0164039
0.0121017
0.0166617
0.0123457
0.0124153
0.0128223
0.0133572
0.0126271
0.0125845
0.0127745
0.012557
0.0124036
0.0122653
0.0129571
0.0125322
0.012559
0.0127972
0.0125108
0.0152008
0.0124652
0.0126928
0.0123273
0.0122178
0.012145
0.0120343
0.0117758
0.0122691
0.0128159
0.0127456
0.0146662
0.0142198
0.0122808
0.0125429
0.0119652
0.0123186
0.0122833
0.0123953
0.0121696
0.012204
0.0125579
0.0124778
0.0132471
0.017027
0.0128507
0.0126908
0.0125396
0.0125268
0.0124723
0.016841
0.0174338
0.0179152
0.0131461
0.0129848
0.0131012
0.0137497
0.013209
0.0131781
0.0130543
0.013498
0.0134271
0.0133303
0.0130301
0.0134553
0.0123106
0.0123389
0.0127894
0.013128
0.0128965
0.0170758
0.0172932
0.0124897
0.0125248
0.0127496
0.0126617
0.0179146
0.0127014
0.0132083
0.0174021
0.015407
0.0128442
0.0128413
0.0126454
0.0132766
0.0128434
0.0131258
0.0127482
0.0128495
0.0125779
0.0126284
0.0156492
0.013482
0.0128898
0.0146965
0.0169256
0.0169031
0.0167908
0.0125913
0.0125731
0.0135507
0.0127794
0.0129529
0.0130393
0.0150577
0.0126295
0.0132392
0.0128281
0.0126235
0.0128267
0.0127405
0.0167665
0.017186
0.0122668
0.0123478
0.0125006
0.0134925
0.0127112
0.0134268
0.0124295
0.0129308
0.0123594
0.012584
0.0124196
0.013074
0.0174283
0.0127442
0.0128675
0.0182424
0.0129341
0.0128695
0.0126911
0.0126648
0.0128582
0.0128875
0.0127561
0.0132626
0.0127802
0.0128237
0.0127921
0.015527
0.0170985
0.0130566
0.0132256
0.0130596
0.0132922
0.0130772
0.013157
0.0135117
0.0179564
0.0178639
0.018086
0.0162731
0.014706
0.0144945
0.0136939
0.0139411
0.0143876
0.0143276
0.0134237
0.013548
0.013426
0.013819
0.0145249
0.0179845
0.0148199
0.0147802
0.0144266
0.0141759
0.0143453
0.0140861
0.0135017
0.0139906
0.0138653
0.0138544
0.0137541
0.0148509
0.0184297
0.0140964
0.0139936
0.013675
0.0138591
0.0132788
0.0132016
0.0183633
0.0133978
0.0132591
0.0136706
0.0140301
0.0135484
0.0140123
0.0177844
0.0132753
0.0131925
0.0126359
0.0126497
0.0127926
0.0129244
0.0135079
0.0178621
0.0132806
0.0127868
0.0131438
0.0176589
0.0173549
0.0129325
0.0135517
0.0156017
0.0124904
0.0125158
0.0170593
0.0128461
0.0131398
0.0130785
0.0137038
0.0130364
0.0133671
0.0173787
0.0130397
0.0126504
0.0124651
0.0162224
0.0125661
0.0124171
0.0155443
0.0123925
0.011485
0.0110362
0.0119287
0.0116919
0.0162314
0.0122521
0.0117961
0.0120504
0.0111369
0.0108901
0.012583
0.0103826
0.0105136
0.00952673
0.00976069
0.00992665
0.0102507
0.0103345
0.0135457
0.0125036
0.0119471
0.00854331
0.00842468
0.00845463
0.0116707
0.0117841
0.00822238
0.00805156
0.00801108
0.00821335
0.00817832
0.00789922
0.0107668
0.00781175
0.00797408
0.00761145
0.00746554
0.00787034
0.00744411
0.00754707
0.0074293
0.0070904
0.010046
0.00711098
0.00749736
0.00720069
0.00755061
0.00715326
0.00706186
0.00747793
0.0072855
0.00752311
0.00757169
0.00754689
0.00784498
0.00764578
0.00760613
0.00744549
0.0076959
0.00809906
0.00790736
0.0102725
0.0103428
0.00764278
0.0109111
0.00930433
0.0111534
0.0109581
0.00810339
0.00818194
0.0115394
0.00891195
0.00911238
0.00924815
0.00924589
0.00925573
0.00991071
0.00980424
0.0097185
0.00917543
0.00896172
0.00923259
0.009852
0.0101877
0.0136416
0.0101049
0.0113152
0.013832
0.0103732
0.0134728
0.0141576
0.0101892
0.010549
0.0146945
0.0109794
0.0114757
0.0140266
0.0143811
0.0118593
0.0121876
0.0125574
0.0124438
0.0136089
0.01432
0.0169881
0.0176948
0.013319
0.0134539
0.0133792
0.0128655
0.0125844
0.0125208
0.0151777
0.0125154
0.0139334
0.0130078
0.0141532
0.0138551
0.0178804
0.0143044
0.0124896
0.0124875
0.0128398
0.0172598
0.0121059
0.0170629
0.0123383
0.0121997
0.016377
0.0150887
0.0117147
0.0120917
0.0157712
0.0117003
0.011608
0.0117322
0.0123137
0.0161674
0.0127061
0.0125111
0.0130346
0.0139094
0.0179681
0.0134392
0.0134632
0.0136721
0.0136938
0.0137547
0.0134566
0.0132837
0.0136135
0.0131911
0.0122928
0.0121622
0.0166914
0.0126136
0.0123064
0.0120699
0.0116687
0.0118455
0.0116727
0.010926
0.0106817
0.0101688
0.0101079
0.0102707
0.00972611
0.00959065
0.00955912
0.00955441
0.00976309
0.0097386
0.013144
0.01305
0.00951567
0.00940786
0.0128192
0.00950588
0.0101691
0.00935893
0.00953757
0.00980601
0.00974212
0.00984109
0.00966207
0.0104434
0.00993593
0.0136335
0.0136692
0.0110556
0.0108802
0.0109395
0.0110881
0.0113465
0.010753
0.0109961
0.0104988
0.0105735
0.0103004
0.00979086
0.0100001
0.00997358
0.00939015
0.00931063
0.00913529
0.0090551
0.00884795
0.00893079
0.00870682
0.00903968
0.00890845
0.00916584
0.00896853
0.00898382
0.0119914
0.00996199
0.011978
0.00894792
0.00888353
0.00906456
0.00918437
0.00937836
0.00904122
0.0100934
0.0109142
0.0129437
0.0122609
0.0117729
0.0164729
0.0121299
0.0122128
0.0119584
0.0119332
0.0120837
0.012244
0.0121529
0.0122983
0.0122046
0.0163446
0.0124145
0.0169026
0.0122134
0.0128531
0.0129551
0.0132641
0.0132932
0.0128996
0.0128247
0.0173564
0.0175541
0.0156401
0.0176141
0.0134746
0.0130303
0.0125342
0.0127797
0.012895
0.0122458
0.0124708
0.0125364
0.017041
0.0126356
0.0132939
0.0130868
0.0125477
0.0125398
0.0127896
0.0142797
0.0137203
0.0129895
0.0132449
0.0130503
0.013351
0.0132773
0.0147744
0.0132233
0.0138228
0.0132464
0.0134045
0.0133831
0.0135848
0.0158398
0.01383
0.0138934
0.0140745
0.0146423
0.0193397
0.019413
0.0147336
0.0195341
0.0147184
0.0197354
0.0150349
0.0143078
0.0150524
0.018497
0.015677
0.0150332
0.0178055
0.0151042
0.0149057
0.0149901
0.0147888
0.0147199
0.0145471
0.0147151
0.0151276
0.0150749
0.0151697
0.0149066
0.0152958
0.014715
0.0152295
0.0150089
0.0145468
0.0147704
0.0147197
0.0145866
0.0199371
0.0146874
0.0144308
0.0146982
0.0147188
0.014666
0.0146119
0.0148926
0.0156181
0.0151719
0.0144526
0.0147298
0.0146936
0.015188
0.0144429
0.0146762
0.0147983
0.0146436
0.0152899
0.0145116
0.0197209
0.0197983
0.0143674
0.0145687
0.0147015
0.0148416
0.0147117
0.0152161
0.0151363
0.0149291
0.0150262
0.0148658
0.014761
0.0151411
0.0153541
0.0147954
0.0147914
0.0147503
0.0207594
0.0157704
0.0171546
0.0157466
0.0153672
0.0147263
0.0151183
0.0151
0.0149647
0.0209976
0.0148461
0.0152646
0.0150086
0.0154405
0.0161302
0.0162748
0.0155762
0.0154327
0.0155538
0.0153072
0.0154809
0.0151293
0.0157165
0.0210124
0.0150576
0.0154637
0.0157439
0.0150282
0.0204885
0.0152187
0.0210443
0.0157673
0.0153082
0.0153295
0.0158128
0.0153378
0.0153193
0.015534
0.0157018
0.0159645
0.0213818
0.015433
0.0150988
0.0157541
0.0163883
0.0157565
0.0209729
0.0159678
0.0159605
0.0194863
0.023406
0.0208463
0.016303
0.0154048
0.016277
0.0163918
0.0163255
0.0159273
0.0215116
0.0218413
0.0154378
0.0158464
0.0158487
0.0160185
0.0160099
0.0160094
0.015546
0.0206771
0.0151216
0.0152596
0.0155974
0.0163262
0.0211407
0.0208871
0.0164315
0.0157886
0.0160238
0.0161379
0.0163468
0.0215921
0.0157359
0.0158043
0.0167517
0.0159224
0.0158017
0.015567
0.0165271
0.0168952
0.0160478
0.015356
0.015446
0.0159093
0.0159701
0.0151578
0.0158639
0.0164823
0.0159993
0.0221828
0.0194528
0.0158513
0.0164804
0.0219121
0.0222143
0.0160473
0.0192498
0.0163862
0.0155639
0.0156324
0.0154204
0.0211596
0.0157254
0.015648
0.0159819
0.016434
0.0158282
0.0160649
0.0158764
0.0159477
0.0164934
0.0164972
0.0168389
0.0210672
0.0212898
0.016109
0.0157807
0.0154745
0.0156901
0.016278
0.0156244
0.0154872
0.0164221
0.0159077
0.0159698
0.0161644
0.0219678
0.0212504
0.0163705
0.0156532
0.0162415
0.0160185
0.0160153
0.015612
0.0163687
0.0164563
0.0169054
0.0164549
0.0163876
0.0159174
0.0165301
0.0157988
0.0160304
0.0157982
0.0169651
0.0214161
0.0195302
0.0156937
0.0159883
0.0156103
0.023219
0.0157939
0.0162353
0.0161159
0.015724
0.0211398
0.0154142
0.0154299
0.0155279
0.0158149
0.0164072
0.0161382
0.0166078
0.0218405
0.0161223
0.0157371
0.0158209
0.0159227
0.0155129
0.0156002
0.0163959
0.0164148
0.016783
0.0163072
0.0165856
0.0163215
0.0164892
0.0161869
0.0169054
0.0161652
0.0161578
0.016445
0.0164487
0.0158168
0.0161786
0.0159229
0.0238962
0.0169603
0.0159451
0.016199
0.0159506
0.0181894
0.0161361
0.021615
0.0217022
0.021779
0.0160156
0.0164653
0.016869
0.0206485
0.016765
0.01598
0.0158438
0.0160184
0.0214143
0.0161366
0.0168385
0.0159243
0.0160047
0.0181749
0.0166135
0.0163397
0.0160004
0.0160041
0.0160005
0.0161629
0.0160451
0.0157235
0.0164603
0.0160786
0.0161199
0.0164231
0.0181519
0.0161866
0.0163728
0.0157333
0.0160241
0.016396
0.0159489
0.016083
0.0161578
0.0167276
0.0161077
0.0187101
0.0167073
0.0159847
0.0164469
0.0162739
0.0165047
0.0223013
0.0160975
0.0165969
0.0222944
0.0156147
0.0165916
0.0162806
0.0159025
0.01623
0.0164948
0.0165539
0.0161129
0.0160115
0.0159015
0.0156877
0.0164716
0.0163512
0.0161042
0.0157851
0.0158657
0.016108
0.0234208
