<<<<<<< Updated upstream
0.00248628
0.00255157
0.00247649
0.00308627
0.00307361
0.00240467
0.00240792
0.00238166
0.00246157
0.00223947
0.00215648
0.0021431
0.00205466
0.00212623
0.00196797
0.00198812
0.0019191
0.00228121
0.0018666
0.00179697
0.00188605
0.00176819
0.0019131
0.00192461
0.00182233
0.0017738
0.0017614
0.00177464
0.00179558
0.00178148
0.00182424
0.00182963
0.00180865
0.0018265
0.00173327
0.00178081
0.00182152
0.00183696
0.00178636
0.00187784
0.00173776
0.00172289
0.00176885
0.00193145
0.00191217
0.00192777
0.00199039
0.00200572
0.00205792
0.00225255
0.00229347
0.0022967
0.00232064
0.00263451
0.00256369
0.00257576
0.00270958
0.00347733
0.003044
0.00320265
0.00345132
0.00329119
0.00362255
0.00365927
0.00369624
0.00377219
0.00401218
0.00429284
0.00430264
0.00485761
0.00468599
0.00460549
0.00437005
0.00454856
0.00487318
0.00434929
0.00457269
0.00459614
0.00536848
0.00541285
0.00554625
0.00564339
0.00560234
0.0045502
0.00467445
0.00439343
0.00453028
0.0043963
0.00470542
0.0045525
0.0046444
0.00450497
0.00435562
0.00422359
0.00427309
0.00410967
0.00396544
0.00386295
0.00379357
0.00392131
0.00369534
0.00429744
0.00371028
0.00366053
0.00356735
0.00383254
0.00354652
0.00346302
0.00352585
0.00359817
0.0035052
0.00390757
0.00357136
0.00343328
0.0036653
0.0037347
0.00374031
0.00378413
0.00372134
0.00358846
0.00357795
0.0035249
0.00361675
0.0037066
0.00363754
0.00357601
0.00352899
0.00358227
0.00354261
0.00356519
0.00407917
0.00378308
0.00477624
0.00489725
0.00414186
0.0045223
0.00549717
0.00477215
0.00494835
0.00497364
0.00506679
0.00512078
0.0051354
0.00493916
0.00501978
0.00597634
0.00489082
0.00495056
0.00535053
0.00465813
0.00459006
0.00492856
0.00495757
0.0046653
0.0046485
0.00458413
0.00469873
0.00477044
0.00477163
0.00588024
0.0047885
0.00560581
0.00478369
0.00453353
0.00449348
0.00526422
0.00441088
0.00438626
0.00456012
0.00444552
0.00443814
0.00499205
0.00467888
0.0044686
0.00470764
0.00457841
0.00463203
0.00451303
0.00457132
0.00443964
0.00456008
0.00440464
0.00441387
0.00545595
0.00453541
0.0055676
0.00464762
0.00459105
0.00469012
0.00489746
0.00475142
0.00578958
0.00473015
0.00479772
0.00489888
0.00577241
0.00472787
0.00483981
0.00466621
0.0048775
0.00472404
0.00483754
0.00483044
0.00500206
0.00494277
0.00473521
0.00474508
0.00473295
0.00582636
0.00467645
0.00473643
0.00522319
0.00466107
0.00458797
0.00470558
0.0047876
0.00463724
0.00548621
0.00558036
0.00541811
0.00458417
0.00444419
0.00448112
0.00446065
0.00456472
0.00452015
0.00470632
0.00553583
0.00516974
0.00450812
0.00442288
0.00437485
0.00431671
0.00432954
0.00424262
0.0041714
0.00415508
0.00406374
0.00409137
0.00405232
0.003931
0.00394349
0.00395916
0.00474696
0.00385826
0.00368436
0.00350097
0.00329244
0.00326843
0.00378901
0.00302598
0.00295194
0.0028774
0.00283805
0.00289451
0.00349367
0.00270473
0.00264005
0.00273778
0.00232525
0.00306385
0.00246265
0.00274499
0.00321937
0.00259878
0.0026938
0.00259059
0.00275831
0.00269971
0.00345761
0.00275768
0.00273875
0.00302603
0.00294975
0.00310123
0.00321414
0.00340457
0.0037316
0.00377895
0.00412685
0.00407246
0.00520562
0.00403752
0.00402328
0.00393276
0.00377822
0.0044333
0.00338838
0.00342526
0.00329054
0.00330929
0.00335398
0.00315746
0.00319022
0.00336145
0.00313764
0.00331491
0.00333247
0.00334906
0.00327269
0.0032721
0.00325493
0.00327944
0.00401477
0.00335466
0.00366949
0.0044069
0.00354527
0.00356406
0.00462733
0.00361274
0.00442184
0.00364342
0.00361158
0.00372342
0.0046088
0.0038826
0.00382274
0.00384606
0.00388548
0.00382624
0.00395894
0.003965
0.00393009
0.00392142
0.00379244
0.00411696
0.0038888
0.00393089
0.00395477
0.00377899
0.00401066
0.00387246
0.00378922
0.00381736
0.00388444
0.00401045
0.00394807
0.00388156
0.00479435
0.00398268
0.00476843
0.00400677
0.00395807
0.00483205
0.00396577
0.00490837
0.0038172
0.00399546
0.00383523
0.00390189
0.00416268
0.00378053
0.00387094
0.00373497
0.00382853
0.00385137
0.00382076
0.00369426
0.00375146
0.00386315
0.00509835
0.00422622
0.00398819
0.00383479
0.00428381
0.00376149
0.00383133
0.00385115
0.00451688
0.00357598
0.0043298
0.00335186
0.00336548
0.00331247
0.00340793
0.0033428
0.00350011
0.00348727
0.0036431
0.00368504
0.0037701
0.00460399
0.00458899
0.00373296
0.0037099
0.00389844
0.00392671
0.00376279
0.00373695
0.00366535
0.00372198
0.00439511
0.00360833
0.0046054
0.00374976
0.00360837
0.00373224
0.00368663
0.00484955
0.00365268
0.00375748
0.00377545
0.00407073
0.00381605
0.00410983
0.00471537
0.00485692
0.00383719
0.0039696
0.00375901
0.00412849
0.00374195
0.00480763
0.00377291
0.00384937
0.00389319
0.00385798
0.00386658
0.00483674
0.0038504
0.00388166
0.0037168
0.00515598
0.00469661
0.00418711
0.00398702
0.00368198
0.00389871
0.00381032
0.00346424
0.00345861
0.00341816
0.00343728
0.00339024
0.00373293
0.00357858
0.003607
0.0034313
0.00346004
0.00360209
0.00372789
0.00362687
0.00371734
0.00362774
0.00372936
0.00365317
0.00458468
0.00355446
0.00346586
0.00346457
0.00338864
0.00330461
0.00321108
0.00337179
0.00316747
0.00319323
0.00338434
0.00332499
0.00419574
0.00416969
0.00371623
0.0035336
0.00420277
0.0041919
0.00333115
0.0040799
0.00418746
0.00375221
0.00332421
0.00325254
0.00377378
0.00299247
0.00294213
0.00291212
0.00270656
0.00273412
0.00273066
0.00269945
0.00313476
0.0030532
0.0024226
0.00232472
0.00247798
0.0027641
0.00239373
0.00294589
0.00275685
0.00279683
0.00229558
0.00275525
0.00231219
0.00217311
0.00222029
0.00283126
0.00251431
0.00298651
0.00255204
0.00226937
0.00228228
0.00231835
0.00226446
0.00227416
0.00230947
0.00218231
0.00252547
0.00230032
0.00243919
0.00242207
0.00246839
0.00241179
0.00261198
0.002605
0.002681
0.00284411
0.00279524
0.00363675
0.00311746
0.00310191
0.00333839
0.00336427
0.00321672
0.00319597
0.00402526
0.00333685
0.00337282
0.00337924
0.00382216
0.00316506
0.00309106
0.00301463
0.00313829
0.00357431
0.00276599
0.00269833
0.00283737
0.00281069
0.00270481
0.00273333
0.0032156
0.0026805
0.00307065
0.00265373
0.0033234
0.00252315
0.00246818
0.00247605
0.00258099
0.00256863
0.00254685
0.00248149
0.00254998
0.00251427
0.00252018
0.00244848
0.00255124
0.00246547
0.00270473
0.00258483
0.00261566
0.00276441
0.0027164
0.00276836
0.00277928
0.00288526
0.00277119
0.00289999
0.00290986
0.00287875
0.00280409
0.00282984
0.00268622
0.0027426
0.00307676
0.00339712
0.00258583
0.002606
0.00254319
0.00256238
0.00319157
0.0026014
0.00264995
0.00283918
0.00277491
0.00358586
0.00291571
0.00300281
0.00318022
0.00342094
0.00341705
0.00354309
0.00370063
0.00384194
0.00395027
0.00430682
0.00387505
0.00394047
0.00389557
0.00385262
0.00396889
0.00375991
0.00369931
0.00449229
0.00424515
0.00355754
0.00360065
0.00353201
0.00347378
0.00351079
0.00340954
0.00349726
0.00352377
0.00357233
0.0036061
0.00353564
0.00353193
0.00359563
0.00342593
0.00355664
0.00343921
0.00346464
0.00342491
0.00337395
0.00342196
0.00347232
0.00313584
0.00330856
0.00336339
0.00344899
0.00432922
0.00357406
0.00345995
0.00351025
0.00335414
0.00341575
0.00351061
0.00348078
0.00354094
0.00353088
0.00370799
0.00360553
0.00362286
0.0036021
0.00380265
0.00384429
0.00370266
0.00388347
0.00382509
0.00394348
0.00383292
0.00380691
0.003835
0.00379426
0.00391469
0.0039778
0.00390983
0.00400868
0.00382088
0.0039455
0.00471878
0.00387451
0.0038338
0.00393296
0.00393371
0.00385529
0.00418528
0.00387434
0.00384272
0.00388316
0.0039248
0.003963
0.00394129
0.00410234
0.00387069
0.00393419
0.00458903
0.0037964
0.00378274
0.00374209
0.00383305
0.00379304
0.00383608
0.00419276
0.00423927
0.00452574
0.00371563
0.003859
0.00369472
0.00442969
0.00372972
0.00352633
0.00358495
0.0034009
0.0033697
0.00349522
0.00376235
0.00331746
0.00367165
0.00345759
0.00334387
0.0033752
0.00358774
0.00365517
0.00360627
0.00350647
0.00340999
0.00339987
0.00368244
0.0035344
0.00336566
0.00414825
0.00408442
0.00432721
0.00346534
0.00328337
0.00347799
0.00333294
0.0034325
0.00337794
0.00336675
0.0043805
0.00346228
0.0036426
0.00380034
0.0046904
0.00379275
0.00416934
0.00386668
0.00485631
0.00396561
0.00415729
0.00419836
0.00413882
0.00410366
0.00486018
0.00479826
0.00386498
0.00469236
0.00442213
0.00355421
0.00357238
0.00336149
0.00340034
0.0033578
0.00388375
0.00390508
0.00313023
0.00331704
0.00311725
0.00379739
0.00319953
0.00309404
0.00314444
0.00315468
0.00311553
0.00304492
0.00306179
0.00313648
0.00376969
0.00393429
0.00341581
0.00304026
0.003858
0.00302594
0.00303539
0.00375453
0.00306005
0.00314101
0.0031721
0.00311014
0.00296355
0.0030792
0.00315271
0.00296659
0.00300653
0.00305116
0.00299864
0.00312749
0.00315528
0.00341052
0.00308621
0.00306917
0.00308307
0.00321049
0.00301451
0.00304368
0.00303003
0.00311752
0.00371555
0.00365149
0.00369265
0.003008
0.00300604
0.00295491
0.0036254
0.00303148
0.00290615
0.00283787
0.0029974
0.00318469
0.00350883
0.00287938
0.00364526
0.00296073
0.00294882
0.00295507
0.00365547
0.00320854
0.00313875
0.00286715
0.00295653
0.00295677
0.00288608
0.0029021
0.00292367
0.00294607
0.00291294
0.00297519
0.00301101
0.00363911
0.00376356
0.0030169
0.00304512
0.00303542
0.00417489
0.00337995
0.003212
0.00310494
0.00327096
0.00321479
0.00324293
0.00334276
0.003313
0.00346282
0.00342386
0.00338414
0.00346778
0.00381341
0.0035344
0.00357673
0.00434801
0.00430404
0.00380219
0.00368925
0.00370954
0.00381068
0.00375902
0.00413648
0.00394165
0.00399822
0.00408204
0.00492689
0.0045373
0.00434379
0.004236
0.00435557
0.00436528
0.00441515
0.00440515
0.00463006
0.00493406
0.00546323
0.0056199
0.00468615
0.00473607
0.00469114
0.00473653
0.00482637
0.00462374
0.00483818
0.00482159
0.0048293
0.00487283
0.00488158
0.00470691
0.0045965
0.00469775
0.00472519
0.00552985
0.00454669
0.00472921
0.00449561
0.00455158
0.00459594
0.00443975
0.00484614
0.00461766
0.00553152
0.00458278
0.00472695
0.00460266
0.00537216
0.00469432
0.0047238
0.00542861
0.00479808
0.00456911
0.0045221
0.00473135
0.0045052
0.00445545
0.00439732
0.00451635
0.00455729
0.00444544
0.00444127
0.00446953
0.00474835
0.00481433
0.00447403
0.00550189
0.00448957
0.00452125
0.00449238
0.00461775
0.00456502
0.00459199
0.00440634
0.00510634
0.004621
0.00535445
0.00429043
0.00537947
0.00525834
0.00430818
0.00422653
0.00517221
0.00475332
0.00438813
0.00430304
0.00432195
0.0043137
0.00436846
0.004273
0.00426575
0.00435435
0.00425581
0.00437966
0.00412305
0.0045255
0.0050776
0.004245
0.00405991
0.00465165
0.00417464
0.00518656
0.00436293
0.00508827
0.00418917
0.00413642
0.00427667
0.00447854
0.00500621
0.00416774
0.00423028
0.00412967
0.00416461
0.00418567
0.00410873
0.00470901
0.00413886
0.00413642
0.00450822
0.00421335
0.00419832
0.00409466
0.00411465
0.00487195
0.00405591
0.00412295
0.00434285
0.00422129
0.0041796
0.00424518
0.00407775
0.00410464
0.00406998
0.00418563
0.00437393
0.0040851
0.00410913
0.00421103
0.00420612
0.00500913
0.00513141
0.00413445
0.00406457
0.00399729
0.004085
0.00394938
0.00404686
0.00393325
0.00496207
0.00391894
0.00393791
0.00395237
0.0038919
0.00479399
0.00488085
0.00404118
0.00478226
0.00481368
0.00387736
0.00385068
0.00477837
0.00384465
0.00389045
0.00470182
0.00398611
0.00399465
0.00389262
0.00380026
0.00381649
0.00383839
0.00384844
0.00389903
0.00389935
0.00389159
0.00385138
0.0047134
0.00381286
0.00378651
0.00399086
0.00402314
0.00389925
0.00391894
0.00385709
0.00394192
0.00392985
0.00373262
0.00394094
0.00389859
0.00383425
0.00422374
0.00406848
0.00424606
0.00396633
0.00398972
0.00393494
0.00396384
0.00385853
0.00405139
0.0039651
0.00395778
0.00385982
0.00476601
0.00472426
0.00385765
0.00389013
0.00419407
0.00434784
0.00419674
0.00477456
0.00393519
0.00400376
0.00383547
0.00471316
0.00421065
0.00392336
0.00395005
0.00384543
0.00396682
0.00396804
0.00461139
0.00390681
0.00390292
0.00394783
0.00482256
0.00394148
0.00390198
0.00382236
0.00398704
0.00421726
0.0040616
0.00397977
0.00392816
0.00403603
0.00390569
0.00388436
0.0040375
0.00396088
0.00392643
0.00389321
0.00405353
0.00404486
0.00403665
0.00391835
0.00401132
0.00396213
0.00396382
0.00384435
0.00391658
0.00399008
0.00391251
0.00403695
0.00410785
0.00400223
0.00405672
0.00410017
0.00392934
0.00439934
0.00407904
0.00419272
0.00415326
0.00440949
0.00404593
0.00412291
0.00424969
0.00408489
0.00395364
0.00396883
0.00499638
0.00427279
0.00431735
0.00438967
0.00445833
0.00409942
0.00393234
0.00402439
0.00412207
0.0048661
0.00393339
0.00406842
0.00404245
0.0041457
0.00403461
0.00410177
0.00405102
0.00403728
0.00407513
0.00408312
0.00423249
0.00411903
0.00411976
0.00409194
0.00405741
0.00410288
0.00408316
0.00399369
0.00412344
0.00410295
0.00402831
0.00483915
0.00410164
0.00401
0.00404514
0.00405966
0.00400232
0.00404463
0.00397776
0.00402657
0.00397658
0.00407203
0.00386858
0.00439247
0.00396538
0.0040826
0.00473378
0.00389175
0.00387299
0.0048356
0.0038217
0.00376982
0.00378289
0.00385352
0.0037877
0.00382142
0.00388568
0.00374122
0.00375015
0.0037634
0.00372836
0.00368866
0.00381581
0.003728
0.00458235
0.00371113
0.00364667
0.00371791
0.00382501
0.00374104
0.00457243
0.00370277
0.00458317
0.00374787
0.00374895
0.00421881
0.00385042
0.00476202
0.0040465
0.00410208
0.00398034
0.00377729
0.00381346
0.00376004
0.00429841
0.00457349
0.00459667
0.00371023
0.00469795
0.003767
0.00382021
0.00471113
0.00403408
0.00386965
0.00380032
0.00376222
0.00375652
0.00390099
0.00387477
0.00385691
0.00379464
0.00383578
0.00377719
0.00381738
0.004039
0.00378279
0.00377489
0.00456052
0.00395485
0.00463263
0.00467924
0.0046039
0.00488209
0.00485395
0.00477481
0.00382313
0.00416218
0.00387606
0.00386598
0.00386686
0.00390353
0.00387086
0.00391834
0.00390277
0.00491014
0.00395262
0.00389401
0.00487568
0.00479818
0.0041371
0.00393711
0.00480988
0.00384924
0.00396965
0.0038988
0.00382882
0.00390081
0.0038519
0.00383145
0.00391486
0.00390955
0.00380893
0.00383786
0.00378617
0.00375515
0.00390023
0.00382428
0.00383027
0.00465383
0.00379439
0.00372369
0.00374364
0.00389685
0.00463626
0.0046197
0.00373971
0.00366408
0.00377037
0.00382049
0.00375553
0.00383551
0.00371654
0.00383728
0.00377303
0.00494961
0.00371736
0.00383296
0.00369176
0.00369568
0.00383757
0.00378322
0.00370073
0.00465886
0.00461113
0.00457489
0.00376925
0.00370092
0.00378968
0.00467043
0.00366572
0.00369346
0.00461951
0.00370996
0.00369624
0.00380711
0.00372371
0.00372809
0.00382866
0.00387373
0.0036448
0.00368388
0.00366467
0.00371087
0.00377791
0.00370692
0.00372801
0.00380709
0.00384758
0.00370832
0.00369059
0.00376376
0.00372471
0.00402091
0.00364418
0.0036618
0.00374764
0.00369697
0.00366353
0.00376679
0.00368178
0.00366693
0.00367661
0.00395681
0.00390957
0.00401414
0.00367705
0.00370987
0.00371533
0.0046499
0.00361025
0.00371653
0.00375126
0.00365733
0.00376393
0.0046001
0.00475738
0.00383228
0.00362957
0.00367415
0.00366129
0.00363001
0.00457752
0.00368345
0.00373351
0.00368899
0.00368779
0.00365478
0.00464058
0.00449639
0.00375725
0.00366118
0.00379676
0.00365367
0.00379623
0.00384325
0.00367821
0.0036437
0.00368608
0.00393597
0.0036569
0.00364958
0.00482985
0.00376031
0.00452205
0.00391228
0.00423135
0.00463696
0.00363957
0.00370861
0.00382921
0.00381082
0.0037416
0.00373411
0.00376019
0.00387331
0.00387351
0.00377625
0.00369996
0.00374857
0.00376055
0.00465292
0.00371497
0.00439243
0.00377184
0.00374278
0.00377716
0.00375714
0.00383793
0.00378089
0.0036745
0.00471243
0.00371581
0.00375088
0.00459246
0.00381404
0.00370204
0.00378569
0.00367402
0.00377659
0.00379934
0.00377261
0.0038157
0.00383265
0.00386305
0.00372325
0.00378328
0.0047626
0.00379296
0.00478336
0.00371038
0.0048649
0.00383182
0.00388277
0.00385792
0.00381468
0.00392396
0.00372249
0.0037751
0.00382011
0.00461428
0.00460354
0.0036511
0.00378852
0.00457885
0.0038776
0.00373932
0.00371849
0.0037493
0.00376427
0.00374678
0.0037995
0.00382378
0.0037861
0.00374501
0.00376165
0.00376186
0.00381813
0.00400216
0.00408677
0.00456433
0.00458765
0.00459638
0.00393014
0.00369201
0.00372716
0.00379992
0.00469707
0.00469624
0.00462259
0.00473329
0.0046318
0.00383059
0.00380661
0.0037781
0.0038341
0.00383361
0.00386795
0.00377557
0.0038818
0.00387686
0.00387085
0.00382375
0.00393891
0.00394003
0.00398131
0.00390429
0.00436101
0.00398388
0.00399176
0.00401702
0.0040169
0.00407345
0.0040181
0.00403557
0.00401134
0.00398496
0.00395415
0.00397764
0.00397657
0.00395919
0.00404463
0.00410518
0.00410394
0.00493067
0.00399249
0.00419658
0.00413799
0.00390683
0.00409953
0.00412618
0.00439039
0.00503936
0.00518349
0.00409992
0.00418868
0.00425024
0.00540539
0.00531599
0.00428171
0.00432455
0.00445766
0.00546211
0.00545454
0.00554383
0.00455494
0.00442336
0.00433307
0.00453219
0.0046566
0.00450237
0.00488504
0.00459041
0.00458976
0.00446406
0.00557147
0.00450486
0.00493727
0.00447191
0.00446059
0.00460877
0.00452748
0.00446685
0.00458217
0.00444224
0.00459693
0.00444831
0.00447194
0.00443963
0.00449486
0.00448318
0.00480411
0.00445194
0.00454309
0.0045736
0.00457562
0.00452784
0.00457787
0.00457111
0.00511073
0.00445947
0.00574399
0.00437574
0.00462038
0.00442422
0.00439125
0.00439504
0.0050462
0.00444709
0.00441843
0.00450057
0.00439052
0.00533618
0.00442803
0.00430932
0.00439747
0.0045053
0.00442893
0.00454457
0.00459753
0.00455648
0.00432815
0.00453028
0.00457371
0.00443338
0.00549746
0.00446637
0.00457625
0.00463074
0.00456188
0.00465577
0.00469966
0.00453975
0.00446895
0.00468758
0.00560489
0.00508027
0.00472535
0.00457728
0.00456856
0.00471557
0.00493361
0.00458643
0.00480948
0.00462438
0.00459711
0.00499887
0.0055465
0.00469753
0.00448225
0.00448788
0.00495027
0.00460985
0.0045159
0.00573322
0.00462451
0.00459414
0.00451803
0.00459316
0.00455199
0.00449325
0.00449388
0.00466895
0.00464776
0.00464933
0.00462001
0.00471313
0.00467097
0.00465547
0.0046666
0.00459859
0.00616941
0.00455977
0.00569799
0.00581494
0.00490821
0.00496319
0.00480415
0.00488177
0.00501928
0.00490716
0.00505894
0.00519816
0.00525764
0.0054323
0.00554887
0.00548605
0.0053335
0.00529825
0.00587439
0.00507495
0.00500264
0.00493709
0.00489369
0.00512381
0.0048921
0.00512049
0.00513418
0.00507362
0.00531384
0.00591259
0.00493232
0.00592564
0.00597631
0.00500939
0.00539038
0.00478314
0.00480841
0.00487354
0.00517066
0.00506742
0.00475745
0.00476157
0.00474101
0.00504368
0.00526991
0.00508944
0.00519893
0.0051759
0.00482717
0.00578356
0.0048737
0.00497583
0.00575207
0.00471209
0.00463009
0.00472021
0.00474663
0.00453788
0.00579434
0.00461638
0.00476791
0.00447134
0.00458608
0.00562369
0.00471051
0.0045196
0.00443823
0.00447867
0.00510437
0.00442393
0.00447261
0.00457018
0.0053608
0.00457794
0.00454286
0.00542783
0.00543062
0.00450599
0.00444004
0.00445975
0.00465525
0.00500033
0.00493235
0.00608376
0.00467351
0.00474425
0.00483714
0.0047184
0.00465515
0.00459984
0.00439572
0.00562371
0.00561891
0.00465949
0.00463256
0.00474462
0.00470583
0.00475227
0.00509404
0.00480987
0.0047225
0.00477704
0.00505582
0.00530775
0.00484119
0.00497793
0.00461814
0.00482954
0.00467197
0.00459122
0.00472502
0.00497071
0.00466472
0.00467824
0.00485082
0.00557822
0.00557269
0.00555277
0.00455068
0.00457896
0.00473331
0.00457515
0.00471206
0.00461602
0.00464767
0.00463353
0.00465334
0.00479963
0.00472778
0.00481769
0.00473995
0.0047929
0.00517696
0.00470488
0.00464403
0.00461053
0.00459976
0.00457995
0.00446794
0.00572105
0.00458522
0.00462048
0.0054708
0.0046586
0.00456365
0.00450149
0.00458383
0.00479248
0.00447785
0.00452066
0.00435854
0.00443678
0.00445192
0.00430733
0.0044733
0.00433247
0.00446669
0.00437898
0.00430289
0.00441678
0.00446409
0.005354
0.00445272
0.00444751
0.00444394
0.00452966
0.00455073
0.00448635
0.00542091
0.00440889
0.00451366
0.00541401
0.00445582
0.00456739
0.0044889
0.0044361
0.00437931
0.00427268
0.00431128
0.00447793
0.00434551
0.00416576
0.00402643
0.00396759
0.00519009
0.00403083
0.00375793
0.00378964
0.00384228
0.00383922
0.0036406
0.00471491
0.00464797
0.00380005
0.00377456
0.00446741
0.00450633
0.00362667
0.00362818
0.00349764
0.00361917
0.0034914
0.00352146
0.00344134
0.0035842
0.00345474
0.00343667
0.00341718
0.00337269
0.00339047
0.00333464
0.0032738
0.00325239
0.00397088
0.003228
0.00315959
0.00321768
0.00316979
0.00311381
0.00298941
0.00288029
0.00302397
0.00290643
0.00290048
0.00293277
0.00289315
0.00290067
0.00341739
0.00289926
0.00278422
0.00357924
0.00284596
0.00286128
0.00288439
0.00280428
0.00276922
0.00330753
0.00278583
0.00282889
0.00291467
0.00270518
0.00266969
0.00324585
0.00326714
0.00270897
0.00265847
0.00280656
0.0025684
0.00263363
0.0039124
0.00375687
0.00291114
0.00303739
0.00291311
0.00308861
0.00305952
0.00320526
0.00421415
0.00332417
0.00346347
0.00344189
0.00349722
0.00344577
0.0033676
0.00362407
0.00467668
0.00393999
0.00374195
0.00375703
0.00359843
0.00353859
0.0036152
0.00367199
0.00372539
0.00393779
0.00386169
0.00414454
0.00435459
0.00442109
0.00552093
0.00572118
0.00465485
0.00438238
0.00441281
0.00435954
0.00417606
0.00414406
0.0050281
0.00435878
0.00435188
0.00423224
0.00436564
0.00405681
0.00426912
0.00417917
0.0042245
0.00522623
0.00417414
0.00418196
0.00426772
0.00432889
0.00408463
0.00418598
0.00517763
0.00405519
0.00409614
0.00427703
0.00511018
0.00419011
0.00399506
0.00484459
0.00412258
0.00439445
0.00394805
0.00386802
0.00374026
0.00364893
0.00358395
0.00352795
0.00362657
0.00415006
0.00332548
0.00325127
0.0031729
0.00313392
0.00374058
0.00292565
0.00284362
0.00277159
0.00269239
0.00255079
0.00258576
0.00264253
0.00255079
0.00244526
0.00240808
0.00294119
0.00238659
0.00290117
0.00233544
0.00288666
0.00233996
0.00238654
0.00235811
0.00237418
0.00237081
0.00240118
0.00235831
0.00296024
0.00294591
0.00269062
0.00297209
0.00246669
0.00251193
0.00249708
0.00254924
0.00250159
0.00313389
0.00251773
0.00251075
0.00328436
0.00255503
0.00259652
0.00255331
0.00253744
0.00257361
0.00262739
0.00268001
0.00263403
0.00266855
0.00266499
0.00270285
0.00292368
0.0027068
0.00279878
0.00285639
0.0027255
0.0034087
0.00273992
0.0027849
0.00278292
0.00277379
0.00280099
0.00282043
0.00289925
0.00279238
0.00281986
0.00288314
0.00281712
0.0029379
0.00343402
0.00291582
0.00305166
0.00295205
0.00295817
0.00302944
0.00371513
0.003873
0.00316969
0.00413815
0.0039262
0.00322548
0.0036899
0.00411277
0.00337344
0.00332789
0.00343425
0.00341418
0.00355186
0.0035879
0.00345158
0.00375303
0.0033123
0.00340031
0.00338825
0.00417564
0.00416406
0.00416781
0.00409799
0.00421155
0.00329407
0.00349962
0.00347982
0.00345729
0.00352026
0.00334315
0.00322943
0.00329314
0.00347475
0.00345642
0.00346049
0.00368719
0.00446688
0.00446573
0.00358825
0.00382896
0.00361326
0.00410404
0.00361964
0.00358086
0.0036953
0.00453665
0.00360904
0.00377605
0.00375925
0.0035938
0.00373267
0.00356607
0.00367303
0.0036097
0.00364225
0.00342662
0.00334881
0.00327872
0.00334846
0.00428289
0.00344471
0.00342577
0.00346265
0.00325261
0.00329791
0.00346002
0.00328019
0.00329496
0.00371137
0.00328018
0.00381088
0.00339613
0.00329245
0.00328297
0.00331226
0.00339318
0.00327079
0.00330736
0.00326191
0.00324943
0.00331746
0.00410992
0.00328458
0.00334578
0.00350136
0.00333108
0.00406378
0.00332344
0.00325611
0.00348215
0.00332294
0.00369509
0.00386559
0.0042276
0.00336059
0.00335921
0.00348596
0.00341569
0.00418497
0.00360382
0.0034837
0.00432516
0.00359915
0.00361931
0.00354651
0.00335819
0.00345764
0.00387982
0.0037096
0.00353854
0.00419228
0.00330556
0.00345365
0.00349993
0.0035001
0.00348537
0.00369924
0.00354123
0.00347198
0.00350847
0.00368876
0.00356548
0.00356969
0.00359196
0.00359862
0.00354674
0.0034788
0.00356079
0.00443629
0.00420088
0.00354211
0.00436367
0.00376478
0.00334686
0.00337156
0.00334321
0.00361193
0.00362784
0.00435493
0.00356938
0.00438151
0.00355778
0.00367743
0.003694
0.00373617
0.00362984
0.00375225
0.00372235
0.00423311
0.00380151
0.00375958
0.00396133
0.00391437
0.00375387
0.0037745
0.00386225
0.00481552
0.00372109
0.00383104
0.00370327
0.00372224
0.00371543
0.00366099
0.00348807
0.00362652
0.00350158
0.00354543
0.0035447
0.00399331
0.00362066
0.00367032
0.00352009
0.00358515
0.00359888
0.00353637
0.00357188
0.00366576
0.00353497
0.00361812
0.00374804
0.0046767
0.00384962
0.00372369
0.00369065
0.00367063
0.00375621
0.00459598
0.00470242
0.00477726
0.00430947
0.00378224
0.00391044
0.00393339
0.00393532
0.00406751
0.00400291
0.00414187
0.00413717
0.0041201
0.00397624
0.00408705
0.00374786
0.00376232
0.00395735
0.00392446
0.00373529
0.00451794
0.00444147
0.00362631
0.00385879
0.00386833
0.00372474
0.00465973
0.00375307
0.00378163
0.00469938
0.00440219
0.00374479
0.00376797
0.00372602
0.003673
0.00367356
0.00369439
0.00375364
0.00375997
0.00366097
0.00363112
0.00368036
0.00386037
0.00370711
0.003825
0.00461805
0.00456439
0.00461795
0.00419389
0.00369675
0.00375505
0.00359458
0.00362412
0.00361578
0.0039824
0.00366483
0.00374337
0.00367672
0.00382989
0.00372522
0.00377558
0.0045634
0.00455974
0.00362606
0.00358765
0.00369261
0.0036654
0.00363897
0.00377915
0.00371799
0.00369104
0.00369867
0.00368182
0.00369614
0.00391305
0.00450431
0.00367206
0.00373311
0.00453894
0.0036191
0.00392049
0.00366543
0.00371463
0.00382953
0.00370621
0.00378997
0.00378003
0.00368384
0.0036794
0.00377429
0.00401804
0.00462408
0.00438751
0.00381741
0.00380623
0.00392196
0.00387171
0.00386079
0.00403457
0.00469373
0.0047886
0.00490698
0.00400959
0.00404623
0.00423455
0.00411967
0.0043441
0.00436679
0.00437774
0.00445621
0.00469245
0.00440432
0.00433302
0.0044743
0.00488155
0.00447682
0.00454011
0.00449029
0.00432728
0.00449172
0.00419605
0.00409465
0.00425204
0.00391907
0.00397762
0.00397593
0.00437054
0.00493809
0.00416167
0.00439072
0.00427559
0.0042736
0.00412294
0.00397038
0.00488168
0.00394029
0.00412516
0.00420375
0.00404495
0.00427289
0.00397381
0.00471576
0.00374291
0.00385862
0.0038299
0.00380653
0.00378133
0.00381399
0.00382285
0.00468546
0.00390563
0.00371379
0.00386345
0.00451223
0.00455799
0.00364273
0.00356187
0.00446213
0.00372613
0.00367169
0.00451242
0.00367438
0.00367311
0.00391697
0.00392179
0.00353282
0.0037183
0.00466399
0.00378989
0.00382055
0.00395052
0.00391706
0.0037812
0.00376439
0.00394137
0.00418971
0.00349542
0.00354373
0.00365602
0.0037576
0.00437822
0.00377304
0.00358647
0.00429522
0.0034933
0.00335466
0.00323726
0.0030574
0.00299272
0.00296834
0.00291782
0.00292606
0.00279181
0.00274887
0.00346559
0.00324804
0.00313346
0.00262571
0.00261448
0.0026355
0.00311112
0.0032383
0.00264828
0.00251138
0.00263326
0.00255402
0.00262929
0.00266677
0.00303837
0.00256937
0.00258284
0.0024897
0.0023895
0.00237109
0.0023851
0.00239302
0.00235854
0.00238847
0.0028828
0.00234496
0.00223592
0.00234707
0.00225641
0.00229963
0.00225871
0.00224713
0.00222647
0.00229319
0.00224695
0.00234378
0.00225316
0.0022764
0.0022552
0.00222699
0.00232147
0.0024493
0.00223421
0.00286027
0.00281619
0.00238121
0.00285537
0.00255282
0.00308455
0.00320539
0.0024842
0.00242933
0.00262301
0.00250346
0.00249273
0.0027446
0.00239593
0.00235683
0.0025107
0.00250919
0.0025256
0.00251376
0.00255143
0.00257307
0.00262587
0.00258485
0.00324754
0.00264496
0.00263603
0.00332752
0.00271681
0.00345548
0.00354181
0.00293973
0.00286983
0.00351181
0.00297471
0.00295126
0.00368852
0.0036852
0.0030001
0.00317825
0.00323478
0.00333352
0.00337256
0.00343186
0.00422345
0.00431948
0.00354294
0.00349638
0.00365512
0.00346846
0.00365229
0.0035091
0.00379567
0.00358269
0.00365647
0.00368052
0.00360356
0.00372731
0.00453091
0.00364794
0.00360525
0.00362021
0.00368379
0.00432205
0.00351413
0.00437127
0.0035874
0.00341364
0.0041384
0.00409912
0.00335596
0.00340559
0.00420578
0.00388517
0.00340582
0.00333658
0.00370569
0.0042954
0.0036549
0.00368671
0.00368171
0.00399294
0.0049289
0.00422702
0.00412789
0.00416503
0.00420138
0.00413704
0.00400858
0.00392904
0.00391888
0.00382503
0.00366752
0.00371542
0.00439327
0.00364062
0.00366676
0.00355311
0.0034322
0.00355322
0.00337307
0.00328322
0.00330734
0.00296639
0.00307038
0.00314494
0.00307173
0.00310644
0.00299451
0.00312335
0.00302042
0.00299777
0.00350806
0.00376551
0.0029719
0.0030324
0.00306848
0.00299336
0.0030238
0.00306375
0.0030612
0.00309087
0.00323868
0.00318524
0.00313706
0.00310429
0.00322585
0.00386468
0.00412495
0.00346211
0.00352813
0.00349269
0.00365146
0.0036113
0.00349777
0.00346965
0.00337698
0.00338828
0.00323414
0.00306415
0.00306949
0.00299943
0.00291774
0.00296118
0.00289958
0.0027556
0.00275899
0.00273262
0.00283701
0.00283023
0.00282788
0.00279868
0.00273804
0.00281252
0.00289371
0.00272502
0.00335649
0.00272505
0.00274444
0.00276321
0.00277334
0.00265659
0.00278964
0.0027044
0.00287953
0.00294882
0.0030132
0.00322079
0.00424766
0.00351958
0.00342103
0.00368483
0.00377176
0.00369594
0.00381725
0.00381696
0.00379388
0.00367949
0.0045487
0.00376675
0.0045291
0.00367191
0.00375377
0.00372709
0.00368309
0.00363884
0.00376789
0.00365034
0.00460699
0.004473
0.00374208
0.00438049
0.00394267
0.00364286
0.00353395
0.00344002
0.00349826
0.00341851
0.00361508
0.00346279
0.00428232
0.00349036
0.0035084
0.0036245
0.00348912
0.00349358
0.00355858
0.00358975
0.0035152
0.00361908
0.00351806
0.00346878
0.00342266
0.00346139
0.00357682
0.00352853
0.00356607
0.00370833
0.0035127
0.00342955
0.00359682
0.00368388
0.00357325
0.00358649
0.00366803
0.00358213
0.00429944
0.00434411
0.0037559
0.00436617
0.00355077
0.00425019
0.00359812
0.00350625
0.00357506
0.0045671
0.00375511
0.00374913
0.00382183
0.0035734
0.00372725
0.00372432
0.00370384
0.00373893
0.00373818
0.00379007
0.00380381
0.00371052
0.00378881
0.00387864
0.00390077
0.0038095
0.00425466
0.00404084
0.00405443
0.00384326
0.00384907
0.00408463
0.00394361
0.00379486
0.00377597
0.00395386
0.00393669
0.00396035
0.0039128
0.00379126
0.00374559
0.00403803
0.00374657
0.00387441
0.00377287
0.00381869
0.00371837
0.00384437
0.00396169
0.00372681
0.0039602
0.00376284
0.0046063
0.00470825
0.00376739
0.00382329
0.00385657
0.0038241
0.00391743
0.00405942
0.00380329
0.0038478
0.00378713
0.00384744
0.00382277
0.00391541
0.00395618
0.00386105
0.00377086
0.00381968
0.00470631
0.00376712
0.00390399
0.00394041
0.00386993
0.00406192
0.00387856
0.00402891
0.00395675
0.00490905
0.0039488
0.00411688
0.00399113
0.00412865
0.00415561
0.00401997
0.00417268
0.00407407
0.00425862
0.00408935
0.00424101
0.00412584
0.00420751
0.00423738
0.00410059
0.00409399
0.00403146
0.00411155
0.00489524
0.00405087
0.00493894
0.00409837
0.00405575
0.00414713
0.00413316
0.00414232
0.00429363
0.00409323
0.00411551
0.004263
0.00503037
0.0044681
0.00406072
0.00418615
0.00416255
0.00433655
0.00510405
0.00420747
0.0040598
0.00504534
0.00540523
0.005054
0.00427352
0.00415322
0.00430658
0.00426956
0.00424939
0.00394756
0.00505823
0.00495392
0.00403719
0.00418612
0.00412191
0.00403828
0.0040484
0.00398403
0.00405946
0.00499395
0.0039527
0.00416228
0.00412305
0.00412524
0.00498892
0.00504819
0.00411053
0.00409761
0.00435325
0.00448818
0.00437157
0.00515442
0.00412986
0.00428786
0.00420241
0.00431647
0.00424951
0.00419743
0.00428411
0.00449252
0.00435118
0.0041932
0.00475449
0.00428765
0.00422512
0.00416381
0.0042669
0.00423924
0.00432242
0.00534514
0.00439772
0.00428174
0.0042997
0.00536382
0.00544418
0.00430488
0.00524251
0.0045589
0.00412483
0.00420883
0.0042223
0.00524214
0.00424694
0.00424907
0.00431349
0.00422571
0.00437099
0.00440532
0.00425861
0.00472208
0.00441123
0.00416887
0.00421927
0.00511981
0.00511766
0.00430623
0.00418704
0.00420777
0.00418971
0.00429379
0.00412797
0.00417106
0.0043383
0.00423525
0.00413628
0.00420419
0.0050517
0.0051077
0.00433528
0.00419219
0.00425581
0.00446147
0.00416726
0.00418802
0.00457836
0.00421209
0.00442882
0.00439967
0.00418009
0.00450171
0.00434418
0.00421125
0.00414554
0.00419434
0.00422375
0.00514563
0.00512044
0.00426713
0.0042078
0.00432067
0.00532287
0.00425936
0.00422478
0.00424961
0.00416863
0.0050847
0.00430157
0.00414951
0.0041945
0.00425082
0.00429528
0.00424946
0.00429966
0.0053305
0.0044143
0.00421838
0.00420563
0.00445984
0.00423772
0.00433398
0.00448733
0.0043238
0.0043155
0.00475498
0.00432436
0.00422875
0.00435151
0.00446516
0.00449329
0.00436288
0.00452829
0.00434717
0.00428385
0.00421781
0.00431497
0.00425956
0.00516463
0.00438419
0.00432352
0.00425611
0.00421234
0.00429443
0.00423589
0.00528338
0.00510784
0.00533003
0.0041382
0.00451189
0.0043181
0.00420274
0.00432615
0.0043309
0.00436956
0.00423508
0.00511384
0.0041545
0.0043243
0.00433481
0.00422244
0.00520969
0.00424101
0.00420199
0.00420947
0.00426027
0.00417404
0.00428581
0.00428303
0.00421097
0.00437456
0.00438168
0.00427285
0.00436167
0.00427321
0.0041047
0.00441445
0.0042057
0.00420464
0.00441455
0.00417903
0.00416286
0.00428937
0.0041924
0.00421835
0.00416856
0.00455254
0.00422738
0.00447631
0.00425142
0.00434343
0.00530183
0.00436048
0.00438113
0.00511327
0.00420569
0.00422027
0.00426483
0.00434014
0.00423189
0.00420459
0.00433101
0.00411671
0.00432157
0.00424781
0.00474866
0.00441034
0.00424871
0.00424107
0.0043765
0.00525662
0.0042043
0.00548536
=======
0.00174779
0.00172936
0.00193373
0.00166872
0.00166931
0.00161907
0.00188017
0.00157115
0.0015635
0.00159334
0.0015852
0.00170894
0.00149804
0.00151281
0.00143877
0.00201798
0.00219819
0.00152365
0.00153806
0.00173697
0.00183089
0.00153517
0.00220923
0.00215054
0.00159186
0.00160986
0.00156339
0.00271148
0.00149916
0.00198566
0.0014898
0.00145425
0.00178585
0.00183558
0.00146543
0.00201073
0.00177535
0.001825
0.00147467
0.00185451
0.00153595
0.00144753
0.00165022
0.00151666
0.00162127
0.00151038
0.00193998
0.00157778
0.00157605
0.00164123
0.00214053
0.00159614
0.00150749
0.00150645
0.00156889
0.00153998
0.00168461
0.00163269
0.0016148
0.0019631
0.00202133
0.00166452
0.00157377
0.00160581
0.0016084
0.00170925
0.00174507
0.00213054
0.00173828
0.00188665
0.00215214
0.00178944
0.00180037
0.00185011
0.00287514
0.00185023
0.00190498
0.00200506
0.00195748
0.00178621
0.00185553
0.00179575
0.00177757
0.00216483
0.00195331
0.00227539
0.00185356
0.00244878
0.00186011
0.00172864
0.00175716
0.0019751
0.0018822
0.00182251
0.00211644
0.001948
0.00177668
0.00173858
0.00176183
0.00251043
0.00187607
0.00178653
0.00179175
0.00173163
0.00173853
0.00176388
0.00174214
0.0017046
0.00168567
0.00209322
0.00166777
0.00178668
0.0016723
0.00172359
0.00186748
0.00170474
0.00206334
0.00175284
0.00173605
0.00180589
0.00173127
0.00229469
0.00160995
0.00177347
0.00168695
0.00169567
0.00168973
0.00193433
0.00241681
0.0017677
0.00311802
0.00252034
0.00175044
0.00168848
0.0023147
0.0025002
0.00189369
0.00194702
0.00191081
0.00182013
0.00190976
0.00238953
0.00237229
0.00192101
0.00207019
0.0021108
0.00212334
0.00190187
0.00232289
0.00240253
0.00199261
0.00206933
0.00216002
0.00213892
0.00227508
0.00337549
0.00231328
0.00228271
0.00245621
0.00234228
0.00281059
0.00220996
0.00223305
0.00327614
0.0036346
0.00236375
0.00247488
0.00322133
0.0026714
0.00252735
0.00254328
0.00294484
0.0024954
0.00278931
0.00253482
0.00240266
0.00247858
0.00239757
0.00234463
0.00244707
0.00309018
0.00257621
0.00255689
0.00226502
0.00242376
0.00229785
0.00271305
0.0024708
0.00255549
0.00293319
0.00232087
0.00245157
0.00238169
0.00229293
0.0028261
0.00236111
0.00222789
0.00301659
0.00232576
0.00226071
0.0023925
0.00226133
0.0024607
0.00232631
0.00239667
0.00317916
0.00220519
0.00222538
0.00225987
0.00227718
0.00218926
0.00221109
0.00245846
0.00223989
0.00223413
0.0023784
0.00225561
0.00256589
0.0024191
0.00223344
0.00226445
0.0029883
0.00304476
0.00217678
0.00377047
0.00356715
0.00287629
0.00237445
0.00220309
0.00248157
0.0022727
0.00248357
0.00292591
0.00220798
0.00232132
0.00285846
0.00286541
0.00243851
0.00236551
0.00234268
0.00258936
0.00338576
0.00326841
0.00235991
0.00258745
0.0028568
0.00307854
0.00232768
0.00308004
0.00274316
0.0023361
0.00229374
0.00270191
0.0024458
0.00221591
0.00300367
0.00239507
0.00220125
0.0025693
0.0029363
0.00329568
0.00222255
0.00240501
0.00227584
0.00240241
0.00230448
0.00223401
0.0034509
0.00253304
0.0022736
0.00239763
0.00243539
0.00238477
0.0028913
0.00314767
0.00284234
0.00293773
0.00245872
0.00241402
0.00241038
0.0025745
0.00230623
0.00236615
0.00342212
0.00289862
0.00414274
0.00338301
0.0029093
0.00285469
0.00241768
0.00270073
0.00279335
0.00228162
0.00236123
0.00226553
0.00235863
0.00251222
0.00282356
0.00268759
0.00287074
0.00224914
0.00312792
0.00233992
0.00234379
0.00226982
0.00304816
0.00232676
0.00228312
0.00244584
0.00235527
0.00231655
0.00229355
0.00230252
0.00259728
0.00257373
0.00288567
0.00241652
0.0022576
0.00241221
0.00239409
0.00248803
0.00232881
0.00227627
0.00311799
0.0027414
0.00244934
0.00236554
0.00247106
0.00230013
0.0023111
0.00302847
0.00240874
0.00238111
0.00339993
0.00321774
0.00245587
0.0024376
0.00253973
0.00275044
0.00226751
0.00260533
0.00272076
0.00280917
0.0023177
0.00359122
0.00240525
0.00242805
0.00519218
0.00241751
0.00231324
0.00229031
0.00247166
0.00231658
0.0024024
0.00237823
0.00296021
0.00231
0.00238228
0.00247123
0.00239007
0.00240927
0.00249863
0.00279038
0.00240769
0.00228707
0.00315398
0.00232792
0.00230435
0.00233318
0.00234798
0.00227828
0.00247113
0.00248322
0.00237931
0.0022896
0.00277825
0.00306023
0.00232152
0.00241775
0.0023906
0.00231941
0.00250645
0.00230955
0.00238908
0.00231684
0.00230585
0.00235534
0.00233622
0.00233257
0.00230315
0.00246918
0.00231464
0.00309633
0.00293907
0.00231525
0.00265333
0.00287438
0.00235939
0.00249276
0.0023661
0.00304946
0.00229883
0.00238717
0.00285486
0.00241568
0.00243185
0.00234178
0.00233273
0.00237959
0.0023268
0.00229272
0.00229946
0.00248769
0.0029335
0.00249116
0.00246889
0.00336561
0.00370003
0.0024093
0.00265062
0.00283436
0.00251378
0.00236597
0.00298202
0.00237917
0.00234579
0.00229702
0.00319458
0.00255673
0.00230154
0.00248056
0.00257043
0.00240387
0.00241312
0.00230632
0.00248843
0.00240299
0.0030084
0.00233645
0.0024319
0.00245606
0.00237601
0.0024226
0.00240105
0.00292431
0.00306177
0.00244819
0.00343933
0.00310349
0.00246992
0.00247783
0.00290397
0.00297432
0.00240895
0.00248727
0.0024409
0.00255353
0.00241254
0.00398998
0.00333523
0.00257038
0.00241949
0.00255156
0.00292476
0.00260913
0.00244463
0.00242158
0.00251182
0.00251683
0.00325488
0.002637
0.00245037
0.00259166
0.00244523
0.00294274
0.0024518
0.002396
0.0025385
0.00248606
0.00265591
0.00262133
0.00266942
0.00255032
0.00367172
0.00309695
0.00252471
0.0027332
0.00352538
0.00266242
0.00252911
0.00275758
0.00263594
0.00250864
0.00327249
0.00302877
0.00250814
0.00267248
0.00308906
0.0032878
0.00249831
0.00247701
0.00250217
0.00256538
0.00257781
0.00266711
0.00308224
0.00254748
0.00345334
0.00308468
0.00264009
0.00260317
0.00247401
0.00254248
0.00256411
0.00256246
0.00291414
0.00256261
0.00350485
0.00329685
0.00255475
0.00292759
0.00266477
0.00261982
0.00275262
0.00269745
0.00267033
0.00274215
0.00270573
0.00276183
0.00268911
0.0026946
0.00268926
0.00276501
0.00282449
0.00279862
0.00274311
0.00270933
0.00274199
0.00281472
0.00279002
0.00280249
0.00280729
0.00337051
0.00263449
0.00260511
0.00257359
0.00321845
0.00261853
0.00259419
0.00262392
0.00262541
0.00259339
0.00350362
0.00342687
0.00252342
0.00251628
0.00253701
0.00248324
0.00234903
0.00238644
0.00248769
0.00266926
0.00225104
0.00348177
0.00304249
0.00214804
0.00218328
0.00278003
0.00219232
0.00201537
0.00205997
0.00224671
0.00266818
0.00221702
0.00243412
0.001891
0.00186583
0.00197759
0.00235736
0.00183711
0.00209671
0.00196547
0.00201378
0.00195115
0.00203004
0.00176221
0.0021052
0.00208576
0.00205783
0.00210533
0.0020999
0.00267081
0.00249409
0.00200009
0.00217361
0.00238239
0.00206009
0.00203935
0.00208248
0.00239277
0.001934
0.00221915
0.00204901
0.00201737
0.00213724
0.00216164
0.00258971
0.00207375
0.00234551
0.00272339
0.00204039
0.00314043
0.00227987
0.00206026
0.00193896
0.00204307
0.0021105
0.00194167
0.00207275
0.00222445
0.00231843
0.00193983
0.00193479
0.00199748
0.00199976
0.00199352
0.00200827
0.00209827
0.00212084
0.0022068
0.00255275
0.00210247
0.00220473
0.00205485
0.00208289
0.00206186
0.00214255
0.00224612
0.00205011
0.00281612
0.00256539
0.00210027
0.00212977
0.00215738
0.00254392
0.00217618
0.00219467
0.00218377
0.00217702
0.00216127
0.00310354
0.00265619
0.00226232
0.00223271
0.00250298
0.00251581
0.00213641
0.00218836
0.00218208
0.00214291
0.00212902
0.00273967
0.00279923
0.0021358
0.00309149
0.00228264
0.00227329
0.00222053
0.00227687
0.00235778
0.00227418
0.00235708
0.00243281
0.00252872
0.00245699
0.00256578
0.002464
0.00247203
0.00241139
0.00252589
0.00299175
0.00249347
0.00322408
0.00287703
0.00240892
0.00293588
0.00286659
0.00244041
0.0026658
0.00265139
0.00285889
0.00265119
0.00257277
0.00252048
0.0024898
0.00257502
0.00269367
0.00263034
0.00256391
0.00277411
0.00259518
0.00252819
0.00247538
0.00252972
0.0025184
0.00233072
0.00235567
0.00236068
0.00240558
0.00271614
0.00251182
0.00260274
0.00259462
0.00269315
0.0026202
0.00263505
0.00267958
0.00268729
0.00266893
0.00268172
0.00273026
0.0026735
0.00264653
0.00265675
0.00255399
0.0026522
0.00263537
0.002656
0.00260303
0.00250601
0.00244609
0.00255539
0.0026563
0.00257977
0.00248924
0.00251493
0.00254871
0.00269258
0.00262096
0.00253923
0.00262645
0.00256464
0.00261467
0.00264864
0.00262395
0.00255569
0.00274894
0.00267646
0.0026471
0.00254764
0.00255965
0.00265912
0.00258988
0.00267036
0.00270935
0.00265548
0.0026584
0.00269015
0.00261796
0.00264225
0.0025064
0.0024387
0.00250309
0.00256516
0.0025807
0.00261634
0.00244638
0.0024578
0.00251053
0.00238349
0.00246993
0.00239129
0.00243685
0.00254066
0.0023796
0.00226468
0.0023024
0.00233625
0.00233567
0.00230876
0.00224641
0.00243027
0.00240152
0.00230325
0.00237154
0.00231123
0.00241199
0.00233198
0.00223038
0.00242311
0.0024535
0.00237863
0.00244939
0.00241133
0.0025562
0.0024051
0.0024238
0.00239237
0.00255405
0.00249063
0.00237418
0.00243575
0.00244225
0.00259765
0.00256203
0.00246863
0.00262062
0.00260641
0.00249753
0.00254955
0.00248758
0.00247549
0.00238321
0.0023848
0.0023541
0.00241791
0.00229095
0.00240577
0.00223301
0.00224631
0.00234599
0.00230386
0.00217527
0.00221527
0.00214055
0.00216518
0.00219985
0.00223562
0.00212343
0.00211872
0.00215985
0.00220632
0.00288623
0.00228644
0.00227694
0.00218764
0.00217955
0.0022315
0.00216021
0.00214902
0.00219541
0.00224255
0.00218037
0.00212964
0.00217743
0.00222719
0.00211659
0.0021785
0.00234522
0.00219672
0.00227257
0.00220192
0.00229448
0.00245922
0.00230941
0.00225244
0.00240376
0.00225431
0.00224654
0.00227261
0.00226601
0.00223048
0.00232501
0.00233093
0.00250948
0.00229609
0.00221215
0.00230413
0.00229729
0.00227908
0.00217343
0.0022674
0.00271688
0.00223388
0.00220222
0.00216964
0.00220005
0.00220816
0.00221165
0.00218443
0.0025121
0.00238301
0.00235609
0.00232231
0.00235599
0.00238395
0.00237722
0.00241792
0.00233026
0.00245721
0.00243193
0.00246467
0.00238145
0.00237874
0.00234907
0.0022934
0.0022038
0.0023937
0.00214013
0.00206414
0.00210517
0.00208229
0.00205813
0.00195703
0.0020039
0.00202659
0.00223736
0.00216168
0.00222133
0.00221457
0.00214493
0.00221023
0.00209569
0.00206008
0.00194617
0.00189039
0.00183362
0.0018341
0.00179098
0.00199841
0.00176846
0.00173408
0.00176857
0.00173991
0.00177298
0.00169313
0.00172588
0.00181241
0.00203886
0.00175658
0.0017047
0.00172288
0.00169098
0.00168002
0.00173145
0.00170662
0.00169133
0.00174661
0.00173246
0.00180762
0.00172457
0.00166493
0.0017581
0.00190618
0.00188669
0.00185106
0.0021079
0.00192373
0.00202804
0.00187005
0.00195593
0.00181039
0.00179895
0.00197453
0.00209048
0.00231984
0.00202136
0.00199869
0.00192896
0.0019749
0.00200202
0.00186779
0.00191877
0.0019425
0.00190095
0.00193969
0.0019965
0.00204787
0.00204599
0.00204798
0.00203163
0.00204544
0.00207379
0.00199764
0.00205765
0.00199181
0.00282764
0.00194708
0.0019972
0.00181962
0.00204378
0.00200538
0.00206659
0.00214938
0.00205739
0.00202842
0.00185929
0.00200865
0.00196578
0.00192145
0.00180679
0.00179508
0.00170249
0.00183241
0.00166084
0.00164541
0.00165852
0.00161958
0.00168616
0.00166156
0.00163953
0.00164226
0.0016172
0.00163928
0.001644
0.00165405
0.00164426
0.00167532
0.00163733
0.00163149
0.00168515
0.00172036
0.00165753
0.00162661
0.00165334
0.00159997
0.00162826
0.00161953
0.00164027
0.00165214
0.00175113
0.00172751
0.00170689
0.00187122
0.00170614
0.00177662
0.00180414
0.00183679
0.00187278
0.00178524
0.00178184
0.00166611
0.0016587
0.00173145
0.00162958
0.00164593
0.00166436
0.00162528
0.00158937
0.00173858
0.00162626
0.00147072
0.00154721
0.00154913
0.0015704
0.00165009
0.00163912
0.00156682
0.00158485
0.00170639
0.00164652
0.00175702
0.00169003
0.00169266
0.00185429
0.00170931
0.00181639
0.00172642
0.00169837
0.00162132
0.00180422
0.00166216
0.00163593
0.00165426
0.00163758
0.00168735
0.00166704
0.00169229
0.00159262
0.00152756
0.00144888
0.00159948
0.00157774
0.00167075
0.00167596
0.00167596
0.00149092
0.00155744
0.00152756
0.00156856
0.00154528
0.00149927
0.00147802
0.00149279
0.00155507
0.00154522
0.00153665
0.00150672
0.00162994
0.0016105
0.00170232
0.00159147
0.00165631
0.00161601
0.00163624
0.00165231
0.00180294
0.00166327
0.00168237
0.00167438
0.00166285
0.00170343
0.0017534
0.00177744
0.00164956
0.00164773
0.0016106
0.0016734
0.00162848
0.00151761
0.00151621
0.00150158
0.00149611
0.00146168
0.00146522
0.00141269
0.00137652
0.00139951
0.0013982
0.00136252
0.00130208
0.00127189
0.00127264
0.00120918
0.00121895
0.00120055
0.00118514
0.00115486
0.00111919
0.00107066
0.00114671
0.00113099
0.00108721
0.00107371
0.00112339
0.00113393
0.00114629
0.00114152
0.00112778
0.00120136
0.00117429
0.00116804
0.00114442
0.0011467
0.00114668
0.00113132
0.00140657
0.00106263
0.00109856
0.00107782
0.0010316
0.00115069
0.0010096
0.0010193
0.000990055
0.000976179
0.000998171
0.000996047
0.00106226
0.00150401
0.00100722
0.00102437
0.00105459
0.00104595
0.0010349
0.00103996
0.00109453
0.00105173
0.00112628
0.00108329
0.0011046
0.00110543
0.00225149
0.00113948
0.00109006
0.00110081
0.00112559
0.00116845
0.00117013
0.00121195
0.00120182
0.00135578
0.00127441
0.00132361
0.00134705
0.001349
0.00138288
0.00145883
0.00149203
0.00156539
0.00155209
0.00160437
0.00159391
0.00162114
0.00176639
0.00181856
0.00173541
0.00179594
0.00180474
0.00196022
0.0019744
0.0020466
0.0019092
0.00201654
0.00200116
0.0020497
0.00216621
0.00217515
0.00236963
0.00232477
0.00241241
0.002481
0.00249225
0.00260026
0.00266257
0.00263835
0.00264106
0.00268886
0.00252194
0.00267619
0.00266849
0.00280336
0.00274677
0.00274974
0.00279107
0.00286294
0.00286341
0.00306329
0.00301336
0.003015
0.00289814
0.00292763
0.00289656
0.00296466
0.00289829
0.00296294
0.00301369
0.00289543
0.00277596
0.00276001
0.00288847
0.00279905
0.00280548
0.00266578
0.00266552
0.00258656
0.00261721
0.00260727
0.00255735
0.00252941
0.00261559
0.00253137
0.00244631
0.00243122
0.0023163
0.00238676
0.00244387
0.00238812
0.00230441
0.00238836
0.00225842
0.00250117
0.0023895
0.00236998
0.00227596
0.00231365
0.00224775
0.00219003
0.0021334
0.00224209
0.00224691
0.00230836
0.00219769
0.00228253
0.00234713
0.00240695
0.00242581
0.00243393
0.00235376
0.00241509
0.00234424
0.00241042
0.00231358
0.00236766
0.00232395
0.0024221
0.00244419
0.00239005
0.00241787
0.00249594
0.00249908
0.00245406
0.00243078
0.00233981
0.0023974
0.00238715
0.00244702
0.00245504
0.00238391
0.00232266
0.00237327
0.00239887
0.00235057
0.00231215
0.00231104
0.00224328
0.00237253
0.0022548
0.00215047
0.00221412
0.0020929
0.00212242
0.00211064
0.00200186
0.00209146
0.00201762
0.00208522
0.00211532
0.00211617
0.0021478
0.00216303
0.00216509
0.00225759
0.00236206
0.0023612
0.0024954
0.00255401
0.00258158
0.00262299
0.0027482
0.00283459
0.00298371
0.00290798
0.0029658
0.00292997
0.00288168
0.00295765
0.00299398
0.00307143
0.00301605
0.00300707
0.00293419
0.00299202
0.00287359
0.00292263
0.00283337
0.0028053
0.00282781
0.00275968
0.00272279
0.00282783
0.00290336
0.00295364
0.00276922
0.00278981
0.00285811
0.002877
0.00294075
0.00293386
0.00303142
0.00306719
0.00299466
0.0032358
0.00306269
0.00290131
0.00293818
0.002955
0.00302045
0.00304456
0.00299428
0.00287648
0.00291333
0.00300511
0.00283645
0.00288542
0.0028617
0.00293426
0.00276897
0.00271511
0.00275132
0.00277876
0.00279087
0.00285492
0.00289766
0.00303817
0.00274514
0.00277416
0.00268654
0.00268703
0.00271872
0.00269067
0.00267376
0.00308044
0.00262644
0.0027508
0.0026442
0.00263823
0.00262295
0.00259684
0.00266909
0.00271927
0.00258042
0.00266496
0.00270748
0.00271303
0.00282281
0.00269551
0.00279782
0.00273565
0.00276943
0.00292851
0.00284995
0.00291219
0.00289995
0.00291942
0.00291091
0.0029128
0.00280072
0.00292035
0.00260521
0.00276879
0.00282881
0.00277101
0.00282086
0.00279543
0.00285475
0.0027648
0.00288534
0.00282545
0.00286443
0.00280367
0.00288466
0.00281296
0.0028927
0.00284753
0.00283249
0.00276338
0.00272271
0.00275235
0.00278952
0.00281289
0.00275356
0.00285507
0.00280246
0.00295409
0.0029409
0.00303385
0.00307512
0.00308974
0.00286353
0.00282989
0.00281761
0.00282035
0.00282882
0.00304356
0.00283347
0.00285528
0.00289622
0.00290035
0.00291737
0.00287674
0.00290651
0.0028962
0.00299241
0.0028074
0.00278139
0.00285053
0.00286971
0.00299216
0.00288303
0.00298083
0.00301273
0.00294621
0.00301964
0.00300436
0.00300884
0.00305182
0.00304638
0.00309721
0.00302321
0.00300528
0.00304707
0.0031859
0.00318801
0.0031549
0.0031966
0.00309611
0.0031231
0.00320706
0.00311338
0.00319279
0.0031384
0.00304915
0.00310063
0.00308277
0.00306143
0.00307071
0.00315257
0.00314984
0.00321507
0.00317002
0.00313589
0.00316417
0.00310535
0.00311116
0.0031484
0.00325428
0.00317229
0.00314807
0.00317237
0.00348287
0.00332986
0.00333603
0.00328327
0.00330016
0.00331287
0.00333477
0.00324581
0.00326271
0.0033055
0.00331057
0.00338444
0.00340192
0.00336872
0.00332084
0.00328515
0.00326428
0.00330596
0.00352273
0.00317318
0.00322971
0.00320702
0.00325609
0.00323535
0.00312569
0.00311535
0.00306285
0.00313663
0.00318948
0.00325542
0.00332271
0.00327231
0.00333173
0.00325899
0.00312255
0.00316858
0.00320517
0.00338884
0.00308862
0.00466343
0.00422968
0.00346103
0.0033918
0.00354556
0.00375415
0.00367693
0.0043449
0.00329907
0.00330926
0.00383324
0.00370631
0.00344537
0.00343281
0.00337947
0.00374295
0.00356407
0.00349719
0.00355605
0.00427555
0.00332963
0.00342014
0.00420924
0.00370404
0.00367922
0.00367873
0.00357367
0.00331921
0.00339247
0.00370053
0.00361899
0.00355752
0.00371156
0.0037518
0.00367616
0.00360736
0.00355413
0.00402363
0.00358309
0.00417049
0.0045033
0.0045599
0.00348289
0.0042586
0.00358771
0.0036972
0.00371917
0.00433507
0.00417528
0.00425266
0.00339349
0.00326278
0.00393058
0.00330616
0.00323498
0.00332213
0.00373588
0.00324126
0.00322626
0.00420247
0.0033566
0.00312347
0.00319602
0.00322592
0.00310394
0.00313012
0.00306534
0.00302316
0.00306365
0.0030586
0.00302186
0.00315351
0.00311298
0.0040501
0.00321344
0.00306144
0.00317476
0.00368737
0.0074138
0.00319521
0.00324999
0.00379733
0.00352619
0.00330864
0.00323917
0.00380497
0.00328418
0.00320048
0.00321598
0.00358932
0.0029558
0.00322066
0.00349969
0.00321055
0.00270336
0.00256363
0.00236029
0.00244964
0.00244775
0.00289158
0.00358044
0.00240872
0.00235971
0.00229133
0.00243222
0.00233301
0.00281862
0.0027193
0.00217048
0.00235577
0.00225585
0.00249159
0.00214624
0.00232499
0.00253993
0.00235677
0.00212736
0.0019185
0.00214886
0.00193537
0.00181948
0.00203676
0.00231548
0.00219423
0.00164856
0.00210977
0.00176135
0.00181635
0.00171871
0.00160755
0.00189098
0.00173738
0.00176512
0.00200717
0.00205428
0.00177735
0.00196729
0.0022459
0.00168393
0.0017191
0.00211221
0.00187416
0.00186625
0.00191192
0.00240595
0.00192407
0.00195754
0.00210157
0.00309138
0.00308252
0.00305251
0.00300817
0.00310402
0.00317378
0.00320755
0.00317448
0.00315016
0.00305595
0.00309722
0.00313539
0.0031216
0.00304257
0.00301612
0.00301004
0.00292497
0.002954
0.00286081
0.00282851
0.00270246
0.00323914
0.00264382
0.00246937
0.00222251
0.00216818
0.00230973
0.00233909
0.0022808
0.00234839
0.00228721
0.0022092
0.00225972
0.00219312
0.00221938
0.00216134
0.00209244
0.00212817
0.00212609
0.00201838
0.00189344
0.00194191
0.00195469
0.00197709
0.00189769
0.00189373
0.00188568
0.00184612
0.00177565
0.00176782
0.00180268
0.00180018
0.00163408
0.00179987
0.0018155
0.00170079
0.00278505
0.0015509
0.00159559
0.00158433
0.00167507
0.00152601
0.00163786
0.0016446
0.00167303
0.00167498
0.00192232
0.00177333
0.00170747
0.00170137
0.00172329
0.00176753
0.00182764
0.0018857
0.00194541
0.00203066
0.00253
0.00195671
0.00205301
0.00228486
0.00238696
0.00189374
0.00249609
0.00231612
0.00226032
0.00181566
0.0019014
0.00185489
0.00182211
0.00164477
0.00173413
0.00172832
0.00192055
0.00196049
0.00168588
0.00170055
0.0017473
0.0016858
0.00175924
0.00210079
0.00193357
0.00172444
0.00171296
0.0017165
0.00177659
0.00170608
0.00178539
0.00226088
0.00202442
0.00185933
0.00236136
0.00231675
0.00209046
0.00170158
0.00208937
0.00186927
0.001893
0.00174329
0.00238923
0.00210841
0.00215511
0.00171477
0.00171842
0.00179411
0.00225546
0.00172155
0.00169738
0.00224267
0.00621356
0.00172306
0.00224528
0.00178787
0.0019004
0.00186148
0.0026296
0.00205005
0.002102
0.00176992
0.00160018
0.00171483
0.00174961
0.00166127
0.0020141
0.00194239
0.00204192
0.0016988
0.00184026
0.0021748
0.0018795
0.00176166
0.00212289
0.00232142
0.0019619
0.00227935
0.00231632
0.00164299
0.0016234
0.00170178
0.001626
0.00162619
0.00162277
0.00168795
0.00177613
0.0017258
0.00183571
0.00184005
0.00189441
0.0019523
0.00204767
0.00183852
0.00164511
0.00167409
0.00168064
0.00170031
0.00173845
0.00175993
0.00182762
0.00189094
0.00194067
0.00202143
0.00183465
0.0020013
0.00198655
0.001751
0.00193186
0.00265064
0.00196448
0.00197359
0.00264689
0.00175134
0.00179524
0.00174186
0.00222687
0.00227426
0.00206172
0.00213159
0.002558
0.00175369
0.00184703
0.0018151
0.00185399
0.0019964
0.00257988
0.00241561
0.00175276
0.00176685
0.0018353
0.00188433
0.00195282
0.00204336
0.00183031
0.00193378
0.00223718
0.00215707
0.00203674
0.00205176
0.00199896
0.00189495
0.00198232
0.00264664
0.00184913
0.0018614
0.001932
0.00200624
0.00186408
0.00193762
0.0019087
0.00201159
0.00204342
0.00195879
0.00281827
0.00266276
0.00201505
0.00199994
0.00208068
0.00193008
0.00203842
0.00218913
0.00268552
0.00199526
0.00207022
0.00199977
0.00207976
0.00211346
0.00205858
0.00196887
0.00203895
0.00201549
0.00205572
0.00219998
0.00203721
0.00205171
0.00204204
0.00207457
0.0021831
0.00256961
0.00207236
0.00213182
0.00255399
>>>>>>> Stashed changes
