1.619e-06
5.78e-07
5.58e-07
3.14e-07
8.45e-07
3.8e-07
3.26e-07
4.37e-07
4.69e-07
3.37e-07
3.99e-07
3.71e-07
5.83e-07
4.7e-07
3.78e-07
6.29e-07
3.3e-07
3.64e-07
5.96e-07
3.88e-07
6.61e-07
4.08e-07
5.66e-07
2.79e-07
6.2e-07
5.82e-07
4.25e-07
4.91e-07
4.17e-07
7.6e-07
1.032e-06
7.78e-07
4.37e-07
3.81e-07
1.201e-06
4.94e-07
3.7e-07
3.46e-07
6.69e-07
9.84e-07
4.57e-07
3.37e-07
4.51e-07
5.37e-07
4.72e-07
3.83e-07
5.35e-07
7.72e-07
2.51e-07
4.36e-07
3.93e-07
8.9e-07
7.71e-07
6.68e-07
4.37e-07
7.39e-07
4.26e-07
3.44e-07
5.24e-07
8.85e-07
4.83e-07
4.89e-07
6.34e-07
9.21e-07
5.76e-07
4.99e-07
7.5e-07
3.69e-07
5.6e-07
4.3e-07
4.18e-07
3.58e-07
9.68e-07
1.015e-06
1.336e-06
8.87e-07
1.975e-06
1.315e-06
9.81e-07
2.48e-06
9.09e-07
9.49e-07
9.29e-07
8.96e-07
8.42e-07
8.94e-07
7.24e-07
9.78e-07
7.76e-07
1.657e-06
1.699e-06
1.616e-06
2.037e-06
1.753e-06
1.299e-06
2.062e-06
1.706e-06
1.176e-06
1.245e-06
1.006e-06
8.75e-07
9.29e-07
9.56e-07
1.153e-06
1.021e-06
8.63e-07
2.005e-06
1.778e-06
1.08e-06
1.16e-06
1.686e-06
1.924e-06
2.198e-06
1.193e-06
2.011e-06
2.16e-06
1.04e-06
1.648e-06
8.9e-07
1.29e-06
1.058e-06
1.009e-06
1.995e-06
1.32e-06
2.18e-06
1.063e-06
1.728e-06
1.42e-06
1.165e-06
1.787e-06
1.559e-06
1.777e-06
1.663e-06
1.121e-06
1.166e-06
1.11e-06
1.825e-06
9.24e-07
1.496e-06
1.865e-06
8.92e-07
1.663e-06
1.065e-06
1.061e-06
1.429e-06
1.167e-06
1.502e-06
1.581e-06
2.392e-06
1.206e-06
1.287e-06
1.121e-06
1.098e-06
1.137e-06
1.498e-06
1.085e-06
1.407e-06
1.025e-06
1.612e-06
1.262e-06
1.622e-06
2.387e-06
1.362e-06
1.543e-06
1.848e-06
1.953e-06
1.372e-06
1.699e-06
1.189e-06
1.301e-06
2.055e-06
1.125e-06
2.224e-06
1.154e-06
1.22e-06
1.275e-06
1.246e-06
2.238e-06
2.151e-06
1.194e-06
1.21e-06
1.779e-06
1.4e-06
1.724e-06
2.709e-06
1.41e-06
1.48e-06
1.935e-06
1.428e-06
2.047e-06
1.264e-06
2.004e-06
1.194e-06
2.279e-06
2.158e-06
1.347e-06
2.427e-06
1.259e-06
1.377e-06
1.844e-06
1.61e-06
1.691e-06
1.275e-06
1.162e-06
1.235e-06
1.559e-06
1.677e-06
2.326e-06
2.323e-06
1.82e-06
2.353e-06
1.343e-06
1.264e-06
1.445e-06
1.108e-06
1.394e-06
1.634e-06
1.578e-06
1.557e-06
1.35e-06
2.008e-06
1.359e-06
4.384e-06
1.358e-06
1.343e-06
2.825e-06
5.22e-07
1.309e-06
1.036e-06
1.098e-06
6.6e-07
1.795e-06
4.67e-07
6.13e-07
1.055e-06
1.246e-06
1.44e-06
1.618e-06
1.365e-06
1.757e-06
1.949e-06
1.367e-06
1.863e-06
1.368e-06
1.624e-06
1.216e-06
1.317e-06
1.606e-06
1.619e-06
1.69e-06
1.272e-06
1.319e-06
2.293e-06
1.379e-06
1.3778e-05
1.136e-06
1.098e-06
1.276e-06
1.233e-06
1.053e-06
1.954e-06
1.257e-06
1.842e-06
1.558e-06
2.017e-06
1.134e-06
1.153e-06
1.026e-06
1.201e-06
1.091e-06
1.15e-06
1.035e-06
1.11e-06
1.159e-06
1.055e-06
1.221e-06
1.552e-06
1.188e-06
1.06e-06
1.178e-06
2.025e-06
1.751e-06
1.117e-06
1.178e-06
1.125e-06
9.6e-07
1.071e-06
1.082e-06
4.65e-07
4.21e-07
4.58e-07
4.73e-07
8.14e-07
6.21e-07
6.93e-07
3.93e-07
2.296e-06
6.51e-07
4.86e-07
5.1e-07
5.17e-07
3.75e-07
4.53e-07
4.04e-07
1.421e-06
5.46e-07
1.138e-06
1.184e-06
1.816e-06
1.731e-06
1.172e-06
1.111e-06
1.014e-06
1.33e-06
1.213e-06
9.65e-07
1.186e-06
1.083e-06
1.105e-06
1.167e-06
1.16e-06
1.439e-06
4.471e-06
1.033e-06
1.115e-06
1.572e-06
1.674e-06
1.427e-06
2.301e-06
1.251e-06
1.663e-06
1.159e-06
1.245e-06
1.077e-06
1.337e-06
1.702e-06
1.98e-06
1.469e-06
1.692e-06
1.52e-06
1.893e-06
1.43e-06
2.282e-06
1.718e-06
2.146e-06
1.136e-06
1.633e-06
2.514e-06
1.256e-06
1.106e-06
5.31e-07
1.175e-06
1.48e-06
1.773e-06
2.452e-06
9.44e-07
8.43e-07
4.53e-07
9.72e-07
5.65e-07
9.66e-07
6.2e-07
7.31e-07
7.21e-07
1.188e-06
7.82e-07
6.61e-07
5.56e-07
6.53e-07
6.77e-07
6.48e-07
2.492e-06
8.9e-07
1.401e-06
1.575e-06
1.028e-06
2.29e-06
1.927e-06
1.251e-06
1.249e-06
1.315e-06
1.192e-06
1.265e-06
2.54e-06
1.849e-06
1.801e-06
1.142e-06
1.306e-06
2.486e-06
1.332e-06
1.268e-06
1.149e-06
5.55e-07
1.537e-06
1.948e-06
1.466e-06
1.199e-06
1.024e-06
9.39e-07
6.95e-07
9.52e-07
5.12e-07
6.72e-07
6.66e-07
5.32e-07
7.71e-07
5.77e-07
5.86e-07
9.17e-07
1.073e-06
5.18e-07
7.37e-07
1.343e-06
8.32e-07
5.27e-07
6.73e-07
5.71e-07
3.92e-07
5.67e-07
8.69e-07
8.36e-07
1.223e-06
5.3e-07
4.87e-07
1.628e-06
8.37e-07
1.622e-06
1.125e-06
5.48e-07
6.5e-07
1.325e-06
4.16e-07
5.26e-07
5.27e-07
8.03e-07
5.94e-07
1.501e-06
1.211e-06
1.215e-06
1.289e-06
1.221e-06
1.053e-06
1.187e-06
1.709e-06
1.753e-06
1.844e-06
1.013e-06
1.426e-06
1.375e-06
1.242e-06
1.078e-06
1.303e-06
1.542e-06
6.03e-07
1.134e-06
1.23e-06
1.191e-06
1.426e-06
1.223e-06
3.96e-07
1.978e-06
1.265e-06
3.67e-07
1.308e-06
1.073e-06
1.106e-06
1.477e-06
4.43e-07
6.6e-07
5.46e-07
5.25e-07
4.44e-07
5.13e-07
7.22e-07
7.95e-07
4.29e-07
7.43e-07
6.87e-07
4.88e-07
6.77e-07
4.61e-07
9.79e-07
1.489e-06
7.13e-07
6.04e-07
4.08e-07
6.09e-07
1.016e-06
1.195e-06
9.25e-07
1.038e-06
1.032e-06
1.07e-06
6.36e-07
1.221e-06
1.329e-06
1.051e-06
1.371e-06
7.77e-07
2.498e-06
7.69e-07
1.46e-06
9.88e-07
1.204e-06
1.181e-06
8.07e-07
1.463e-06
1.002e-06
9.62e-07
1.059e-06
9.04e-07
8.94e-07
8.97e-07
6.45e-07
1.31e-06
1.026e-06
8.7e-07
8.08e-07
1.036e-06
1.41e-06
1.736e-06
1.101e-06
1.084e-06
9.85e-07
9.5e-07
9.54e-07
8.17e-07
1.687e-06
1.568e-06
9.33e-07
1.007e-06
8.23e-07
8.02e-07
1.094e-06
8.66e-07
1.097e-06
8.6e-07
8.49e-07
1.066e-06
1.249e-06
1.163e-06
1.494e-06
9.44e-07
1.252e-06
1.046e-06
1.551e-06
1.094e-06
1.086e-06
1.019e-06
1.196e-06
1.23e-06
1.214e-06
1.094e-06
1.1e-06
1.651e-06
1.126e-06
2.093e-06
9.95e-07
7.29e-07
1.869e-06
1.13e-06
1.592e-06
1.184e-06
1.091e-06
1.142e-06
8.44e-07
1.035e-06
1.155e-06
9.24e-07
1.131e-06
1.81e-06
1.723e-06
5.73e-07
1.232e-06
9.28e-07
1.097e-06
7.5e-07
1.177e-06
4.47e-07
9.65e-07
1.492e-06
1.003e-06
9.39e-07
9.91e-07
1.037e-06
1.477e-06
1.989e-06
1.447e-06
1.511e-06
1.012e-06
4.22e-07
9.41e-07
2.168e-06
9.37e-07
8.68e-07
8.33e-07
3.21e-07
8.31e-07
8.57e-07
8.72e-07
8.17e-07
9.7e-07
9.56e-07
8.15e-07
9.82e-07
1.032e-06
1.838e-06
1.087e-06
1.361e-06
1.594e-06
1.129e-06
1.232e-06
7.44e-07
1.041e-06
8.38e-07
8.61e-07
9.52e-07
8.47e-07
1.173e-06
9.99e-07
8.51e-07
2.226e-06
9.28e-07
1.465e-06
5.69e-07
6.77e-07
1.591e-06
1.038e-06
2.106e-06
1.472e-06
1.52e-06
1.41e-06
1.842e-06
9.95e-07
1.126e-06
1.531e-06
1.848e-06
1.052e-06
1.248e-06
4.27e-07
1.163e-06
1.209e-06
9.99e-07
1.299e-06
1.183e-06
1.198e-06
2.138e-06
6.94e-07
1.069e-06
2.122e-06
1.712e-06
1.248e-06
2.093e-06
5.9e-07
2.186e-06
1.123e-06
1.103e-06
1.216e-06
1.058e-06
1.19e-06
1.073e-06
1.324e-06
7.87e-07
1.561e-06
1.657e-06
1.045e-06
1.504e-06
1.054e-06
1.069e-06
1.128e-06
1.542e-06
1.455e-06
1.252e-06
1.056e-06
1.767e-06
1.126e-06
2.531e-06
1.17e-06
1.093e-06
1.188e-06
1.139e-06
1.317e-06
1.399e-06
1.094e-06
1.28e-06
1.335e-06
5.433e-06
1.698e-06
1.438e-06
1.907e-06
2.169e-06
2.165e-06
1.251e-06
1.783e-06
2.126e-06
1.667e-06
1.32e-06
1.242e-06
1.452e-06
1.232e-06
9.23e-07
1.591e-06
1.574e-06
1.228e-06
6.17e-07
1.633e-06
2.258e-06
2.159e-06
5.66e-07
1.117e-06
1.293e-06
7.87e-07
9.3e-07
6.5e-07
1.055e-06
4.89e-07
6.21e-07
4.64e-07
6.95e-07
9.28e-07
7.13e-07
5.15e-07
4.34e-07
3.7e-07
4.08e-07
1.06e-06
4.28e-07
4.98e-07
4.69e-07
4.57e-07
5.48e-07
6.16e-07
7.2e-07
5.14e-07
4.88e-07
7.19e-07
6.08e-07
9.53e-07
1.05e-06
5.06e-07
7.97e-07
7.35e-07
4.83e-07
5.18e-07
5.21e-07
4.99e-07
6.12e-07
7.93e-07
9.76e-07
5.74e-07
8.49e-07
6.09e-07
4.44e-07
6.88e-07
5.33e-07
7.64e-07
6.46e-07
1.169e-06
8.69e-07
4.17e-07
4.86e-07
7.61e-07
5.5e-07
7.83e-07
7.92e-07
4.23e-07
7.62e-07
8.45e-07
6.62e-07
7.01e-07
4.81e-07
2.83e-07
3.86e-07
4e-07
3.51e-07
4.4e-07
3.75e-07
3.32e-07
7.56e-07
4.44e-07
6.81e-07
2.93e-07
8.85e-07
6.91e-07
7.48e-07
8.28e-07
1.016e-06
7.87e-07
1.066e-06
5.43e-07
4.66e-07
6.08e-07
3.78e-07
4.12e-07
6.05e-07
4.46e-07
9.73e-07
7.07e-07
1.049e-06
4.3e-07
4.82e-07
3.56e-07
9.59e-07
9.97e-07
1.163e-06
4.56e-07
4.78e-07
5.02e-07
4.54e-07
3.65e-07
4.97e-07
4.61e-07
5.66e-07
4.64e-07
5.24e-07
7.8e-07
4.75e-07
9.96e-07
9.49e-07
1.15e-06
9.77e-07
4.52e-07
4.04e-07
5.89e-07
8.76e-07
1.097e-06
6.52e-07
1.088e-06
5.08e-07
5.38e-07
8.84e-07
7.23e-07
1.532e-06
5.51e-07
4.47e-07
7.44e-07
4.85e-07
1.003e-06
1.687e-06
1.761e-06
2.141e-06
1.116e-06
1.035e-06
1.323e-06
1.27e-06
3.26e-07
3.62e-07
3.65e-07
4.22e-07
4.73e-07
4.49e-07
4.85e-07
4.31e-07
4.23e-07
8.63e-07
3.48e-07
1.215e-06
5.48e-07
4.03e-07
6.06e-07
4e-07
5.38e-07
4.63e-07
5.46e-07
4.79e-07
4.12e-07
2.12e-06
1.076e-06
1.051e-06
9.79e-07
1.686e-06
1.792e-06
1.718e-06
1.519e-06
1.867e-06
1.127e-06
1.513e-06
1.158e-06
1.065e-06
1.199e-06
1.615e-06
1.095e-06
1.174e-06
2.058e-06
1.707e-06
1.276e-06
1.676e-06
9.17e-07
1.022e-06
1.756e-06
1.115e-06
9.52e-07
1.143e-06
1.938e-06
2.058e-06
1.237e-06
1.771e-06
1.193e-06
2.347e-06
1.165e-06
1.032e-06
1.195e-06
1.12e-06
9.59e-07
2.474e-06
1.072e-06
1.2e-06
1.255e-06
1.039e-06
1.097e-06
9.3e-07
1.222e-06
1.451e-06
1.157e-06
1.035e-06
1.14e-06
1.826e-06
2.152e-06
1.958e-06
1.62e-06
1.245e-06
1.427e-06
1.339e-06
1.13e-06
1.15e-06
1.781e-06
1.134e-06
1.049e-06
1.168e-06
1.582e-06
9.92e-07
1.176e-06
1.045e-06
1.194e-06
1.119e-06
1.835e-06
1.246e-06
1.067e-06
1.025e-06
1.139e-06
1.742e-06
1.169e-06
1.257e-06
1.39e-06
1.052e-06
1.063e-06
1.286e-06
2.177e-06
1.118e-06
1.909e-06
1.287e-06
1.041e-06
2.079e-06
1.244e-06
1.254e-06
1.388e-06
1.256e-06
1.872e-06
1.239e-06
1.324e-06
1.246e-06
1.252e-06
1.198e-06
1.381e-06
1.17e-06
1.233e-06
1.839e-06
1.553e-06
1.588e-06
1.409e-06
1.548e-06
2.196e-06
1.954e-06
1.532e-06
1.362e-06
1.943e-06
3.176e-06
1.724e-06
1.312e-06
2.388e-06
1.746e-06
2.01e-06
2.129e-06
1.537e-06
2.201e-06
1.46e-06
1.719e-06
1.124e-06
2.193e-06
1.318e-06
1.087e-06
2.096e-06
1.17e-06
1.92e-06
1.187e-06
2.039e-06
1.259e-06
1.173e-06
1.273e-06
1.194e-06
3.342e-06
1.184e-06
1.219e-06
1.322e-06
1.155e-06
1.242e-06
1.419e-06
1.55e-06
1.232e-06
1.347e-06
1.124e-06
1.695e-06
2.187e-06
1.72e-06
1.795e-06
1.385e-06
1.784e-06
1.518e-06
1.122e-06
1.978e-06
1.736e-06
1.132e-06
1.102e-06
1.808e-06
1.431e-06
1.12e-06
1.183e-06
1.2e-06
1.412e-06
1.192e-06
2.27e-06
3.496e-06
1.456e-06
1.527e-06
1.304e-06
1.579e-06
1.431e-06
1.29e-06
1.312e-06
1.512e-06
1.334e-06
1.158e-06
1.545e-06
1.242e-06
1.62e-06
2.171e-06
1.337e-06
1.311e-06
2.383e-06
1.427e-06
1.358e-06
2.666e-06
1.019e-06
1.247e-06
1.265e-06
1.65e-06
1.233e-06
1.14e-06
1.821e-06
2.081e-06
1.254e-06
1.131e-06
1.228e-06
1.319e-06
1.048e-06
1.812e-06
1.188e-06
1.107e-06
1.774e-06
1.565e-06
2.08e-06
1.75e-06
2.776e-06
1.681e-06
1.85e-06
1.475e-06
2.109e-06
2.078e-06
1.967e-06
1.77e-06
1.274e-06
1.293e-06
1.149e-06
1.295e-06
2.312e-06
1.748e-06
1.203e-06
1.359e-06
1.873e-06
1.297e-06
1.941e-06
2.17e-06
2.08e-06
1.464e-06
1.283e-06
1.222e-06
1.588e-06
1.325e-06
2.027e-06
1.467e-06
1.38e-06
2.242e-06
2.255e-06
2.301e-06
1.457e-06
1.557e-06
1.72e-06
2.77e-06
1.484e-06
1.428e-06
2.044e-06
2.332e-06
2.15e-06
1.604e-06
1.584e-06
1.513e-06
1.234e-06
2.375e-06
2.397e-06
1.494e-06
3.177e-06
1.435e-06
1.495e-06
1.524e-06
1.553e-06
1.557e-06
2.082e-06
2.004e-06
2.165e-06
2.262e-06
1.399e-06
2.149e-06
2.708e-06
1.305e-06
1.621e-06
2.12e-06
1.502e-06
1.491e-06
2.425e-06
1.546e-06
1.2e-06
1.515e-06
1.259e-06
1.391e-06
1.577e-06
1.574e-06
1.594e-06
1.721e-06
1.62e-06
1.569e-06
1.485e-06
1.337e-06
2.202e-06
1.496e-06
1.264e-06
1.483e-06
1.478e-06
2.714e-06
2.074e-06
1.412e-06
1.651e-06
1.436e-06
1.32e-06
1.258e-06
2.136e-06
2.367e-06
1.321e-06
1.719e-06
2.54e-06
1.432e-06
1.264e-06
1.396e-06
1.196e-06
1.792e-06
2.904e-06
2.321e-06
1.182e-06
2.131e-06
1.697e-06
1.408e-06
3.833e-06
1.432e-06
2.401e-06
1.408e-06
2.201e-06
2.067e-06
1.306e-06
1.952e-06
1.351e-06
1.781e-06
1.221e-06
1.341e-06
1.491e-06
1.968e-06
1.537e-06
1.792e-06
2.348e-06
2.298e-06
1.438e-06
1.642e-06
2.137e-06
2.423e-06
1.215e-06
2.157e-06
1.655e-06
1.193e-06
1.382e-06
1.736e-06
1.185e-06
2.036e-06
1.289e-06
3.178e-06
1.327e-06
1.561e-06
1.325e-06
1.406e-06
2.736e-06
1.55e-06
1.717e-06
1.418e-06
1.517e-06
1.514e-06
1.661e-06
1.614e-06
2.328e-06
1.433e-06
1.842e-06
1.203e-06
2.5e-06
1.629e-06
2.276e-06
2.374e-06
1.319e-06
2.298e-06
1.491e-06
2.163e-06
1.222e-06
1.375e-06
1.149e-06
1.498e-06
1.625e-06
1.571e-06
2.896e-06
2.725e-06
1.789e-06
1.32e-06
2.318e-06
2.533e-06
2.614e-06
1.41e-06
1.788e-06
1.4e-06
3.217e-06
1.376e-06
2.24e-06
1.37e-06
2.452e-06
1.847e-06
2.58e-06
2.994e-06
2.29e-06
1.637e-06
1.221e-06
1.488e-06
1.546e-06
1.514e-06
1.557e-06
1.175e-06
1.796e-06
1.292e-06
1.644e-06
1.35e-06
1.501e-06
1.64e-06
1.361e-06
2.792e-06
2.977e-06
2.723e-06
1.578e-06
1.436e-06
1.512e-06
1.325e-06
1.625e-06
1.296e-06
1.492e-06
1.232e-06
1.244e-06
2.13e-06
2.926e-06
1.902e-06
1.478e-06
2.253e-06
1.317e-06
2.24e-06
1.55e-06
1.743e-06
2.086e-06
1.602e-06
1.77e-06
1.904e-06
1.178e-06
2.04e-06
2.003e-06
2.089e-06
1.711e-06
1.602e-06
1.575e-06
2.046e-06
1.771e-06
1.296e-06
2.16e-06
1.53e-06
2.324e-06
1.105e-06
1.271e-06
1.594e-06
1.596e-06
1.481e-06
1.872e-06
2.28e-06
2.313e-06
1.319e-06
1.354e-06
1.099e-06
2.731e-06
1.303e-06
1.337e-06
1.385e-06
1.361e-06
1.484e-06
1.358e-06
2.561e-06
1.594e-06
1.89e-06
1.632e-06
2.441e-06
2.467e-06
1.441e-06
1.555e-06
2.284e-06
1.533e-06
1.482e-06
1.389e-06
1.738e-06
1.289e-06
2.064e-06
1.618e-06
1.546e-06
3.107e-06
1.533e-06
1.356e-06
2.538e-06
1.185e-06
1.518e-06
1.486e-06
1.324e-06
1.566e-06
1.474e-06
1.744e-06
1.26e-06
1.633e-06
2.163e-06
2.593e-06
2.678e-06
2.624e-06
2.037e-06
1.951e-06
2.113e-06
2.328e-06
1.431e-06
1.463e-06
1.429e-06
2.426e-06
1.476e-06
1.398e-06
1.505e-06
1.284e-06
2.58e-06
1.369e-06
1.467e-06
1.673e-06
1.494e-06
1.252e-06
1.351e-06
1.604e-06
1.206e-06
1.176e-06
1.654e-06
1.542e-06
1.201e-06
3.032e-06
2.084e-06
1.799e-06
2.404e-06
1.531e-06
2.286e-06
3.254e-06
1.372e-06
2.808e-06
1.456e-06
1.488e-06
1.435e-06
1.515e-06
1.647e-06
2.398e-06
2.423e-06
1.515e-06
1.621e-06
2.837e-06
1.54e-06
1.381e-06
1.555e-06
1.305e-06
1.678e-06
1.322e-06
1.995e-06
1.334e-06
1.6e-06
1.443e-06
1.374e-06
1.732e-06
1.83e-06
1.233e-06
1.685e-06
1.455e-06
1.601e-06
2.142e-06
2.343e-06
2.433e-06
2.861e-06
2.476e-06
1.593e-06
2.263e-06
1.511e-06
1.301e-06
2.559e-06
2.548e-06
2.505e-06
2.483e-06
1.586e-06
1.546e-06
2.792e-06
1.412e-06
1.667e-06
4.025e-06
1.856e-06
1.675e-06
1.565e-06
1.708e-06
1.498e-06
1.479e-06
1.331e-06
1.323e-06
1.254e-06
1.332e-06
1.547e-06
2.751e-06
1.156e-06
1.294e-06
1.265e-06
1.159e-06
1.222e-06
1.709e-06
1.304e-06
1.405e-06
1.447e-06
1.291e-06
2.114e-06
2.381e-06
1.432e-06
1.271e-06
1.229e-06
1.855e-06
1.342e-06
1.351e-06
1.277e-06
1.426e-06
1.547e-06
1.635e-06
1.389e-06
2.377e-06
1.552e-06
1.699e-06
1.599e-06
1.523e-06
1.786e-06
1.587e-06
1.247e-06
1.672e-06
1.672e-06
1.44e-06
1.954e-06
1.473e-06
2.288e-06
2.328e-06
2.146e-06
1.968e-06
1.333e-06
2.251e-06
2.365e-06
1.342e-06
1.267e-06
1.428e-06
1.382e-06
2.67e-06
1.123e-06
2.54e-06
1.266e-06
1.739e-06
3.93e-06
2.15e-06
1.249e-06
1.574e-06
1.363e-06
1.178e-06
1.57e-06
2.708e-06
1.453e-06
1.267e-06
2.101e-06
2.19e-06
3.036e-06
1.246e-06
1.363e-06
1.39e-06
1.341e-06
1.464e-06
1.713e-06
1.328e-06
1.359e-06
2.067e-06
2.383e-06
2.397e-06
1.325e-06
1.342e-06
1.182e-06
1.178e-06
1.171e-06
1.23e-06
1.155e-06
1.274e-06
1.482e-06
1.183e-06
1.405e-06
1.24e-06
2.102e-06
1.565e-06
1.525e-06
1.431e-06
1.347e-06
1.499e-06
2.624e-06
3.632e-06
1.465e-06
1.631e-06
1.943e-06
1.653e-06
1.583e-06
1.493e-06
1.51e-06
1.913e-06
3.619e-06
1.67e-06
1.86e-06
2.3e-06
1.734e-06
1.55e-06
1.822e-06
2.82e-06
2.486e-06
2.899e-06
2.619e-06
2.47e-06
1.73e-06
1.702e-06
2.088e-06
3.277e-06
1.873e-06
2.271e-06
2.011e-06
2.788e-06
1.729e-06
1.801e-06
1.767e-06
1.74e-06
3.352e-06
3.192e-06
1.731e-06
3.697e-06
2.388e-06
1.561e-06
1.79e-06
1.733e-06
1.733e-06
2.513e-06
1.661e-06
1.91e-06
2.91e-06
1.54e-06
1.63e-06
3.555e-06
1.509e-06
1.749e-06
2.926e-06
2.387e-06
1.868e-06
1.574e-06
1.623e-06
1.608e-06
1.802e-06
2.033e-06
1.485e-06
1.544e-06
1.662e-06
1.631e-06
2.4e-06
2.389e-06
1.377e-06
1.747e-06
1.778e-06
1.904e-06
1.937e-06
1.623e-06
1.578e-06
1.767e-06
1.814e-06
1.82e-06
1.862e-06
1.953e-06
1.828e-06
1.906e-06
1.632e-06
1.909e-06
1.635e-06
2.553e-06
1.747e-06
3.449e-06
3.309e-06
1.818e-06
1.736e-06
2.516e-06
1.785e-06
1.633e-06
1.814e-06
1.765e-06
1.834e-06
1.844e-06
1.555e-06
3.116e-06
1.567e-06
1.809e-06
1.435e-06
1.962e-06
1.421e-06
2.332e-06
2.083e-06
1.594e-06
1.416e-06
1.5e-06
1.362e-06
1.563e-06
1.599e-06
2.488e-06
1.722e-06
1.426e-06
2.257e-06
2.219e-06
1.81e-06
3.29e-06
1.629e-06
1.789e-06
1.67e-06
2.051e-06
2.873e-06
1.709e-06
1.601e-06
3.001e-06
2.479e-06
3.003e-06
1.841e-06
1.674e-06
1.883e-06
3.083e-06
1.844e-06
3.704e-06
1.593e-06
1.291e-06
1.568e-06
1.753e-06
1.663e-06
1.512e-06
1.669e-06
1.623e-06
1.726e-06
1.895e-06
1.696e-06
2.342e-06
1.543e-06
3.382e-06
3.248e-06
2.815e-06
1.69e-06
1.409e-06
3.214e-06
1.57e-06
1.691e-06
1.804e-06
1.894e-06
4.013e-06
1.663e-06
1.7e-06
1.993e-06
2.937e-06
1.598e-06
3.369e-06
2.158e-06
1.52e-06
1.675e-06
1.71e-06
1.666e-06
2.144e-06
1.746e-06
1.589e-06
1.651e-06
2.555e-06
1.693e-06
1.301e-06
1.645e-06
3.061e-06
1.925e-06
2.032e-06
1.802e-06
3.277e-06
3.372e-06
2.826e-06
2.721e-06
3.934e-06
2.836e-06
2.93e-06
3.313e-06
2.716e-06
2.987e-06
3.065e-06
3.15e-06
3.397e-06
1.974e-06
1.936e-06
1.898e-06
2.82e-06
3.005e-06
3.051e-06
2.97e-06
3.251e-06
2.767e-06
1.575e-06
3.005e-06
2.8e-06
1.806e-06
2.757e-06
3.02e-06
1.757e-06
1.624e-06
1.825e-06
1.731e-06
1.671e-06
1.847e-06
1.635e-06
3.093e-06
2.138e-06
2.116e-06
3.107e-06
3.499e-06
1.81e-06
2.57e-06
1.806e-06
1.782e-06
1.575e-06
1.558e-06
3.28e-06
2.919e-06
3.263e-06
1.676e-06
2.15e-06
1.744e-06
1.953e-06
1.754e-06
1.815e-06
1.728e-06
1.768e-06
2.802e-06
1.809e-06
1.957e-06
3.048e-06
2.619e-06
2.466e-06
1.803e-06
1.78e-06
1.132e-06
1.43e-06
1.502e-06
1.235e-06
1.12e-06
1.229e-06
1.047e-06
1.783e-06
1.046e-06
2.319e-06
1.2e-06
1.161e-06
1.988e-06
1.996e-06
1.262e-06
1.27e-06
1.388e-06
1.026e-06
1.278e-06
2.194e-06
9.84e-07
1.2e-06
1.034e-06
8.49e-07
1.687e-06
1.528e-06
1.759e-06
1.347e-06
1.081e-06
1.184e-06
1.041e-06
2.81e-06
1.03e-06
1.389e-06
1.679e-06
1.441e-06
1.169e-06
1.661e-06
1.273e-06
1.357e-06
1.722e-06
1.124e-06
1.233e-06
2.298e-06
2.161e-06
1.898e-06
1.237e-06
1.322e-06
1.213e-06
1.922e-06
1.149e-06
1.324e-06
2.169e-06
1.606e-06
9.93e-07
2.446e-06
1.691e-06
1.749e-06
9.36e-07
2.52e-07
8.68e-07
1.106e-06
1.16e-06
7.16e-07
1.05e-06
9.15e-07
7.84e-07
2.632e-06
8e-07
9.35e-07
1.446e-06
9.6e-07
8.7e-07
1.124e-06
8.97e-07
1.42e-06
1.234e-06
9.09e-07
9e-07
1.283e-06
1.831e-06
1.665e-06
1.404e-06
1.709e-06
1.191e-06
1.012e-06
9.43e-07
1.043e-06
9.52e-07
1.07e-06
1.184e-06
1.163e-06
1.605e-06
2.034e-06
1.725e-06
2.245e-06
9.28e-07
1.307e-06
1.169e-06
1.062e-06
1.57e-06
1.235e-06
1.777e-06
2.639e-06
1.094e-06
1.645e-06
1.459e-06
1.003e-06
1.503e-06
9.2e-07
1.032e-06
1.076e-06
1.056e-06
1.334e-06
2.199e-06
1.88e-06
1.19e-06
1.208e-06
1.453e-06
1.818e-06
3.43e-07
2.41e-07
8.98e-07
1.448e-06
1.747e-06
9.85e-07
2.002e-06
6.01e-07
3.88e-07
8.49e-07
4.71e-07
1.179e-06
3.72e-07
9.07e-07
4.16e-07
3.99e-07
5.77e-07
4.29e-07
3.65e-07
8.7e-07
7.85e-07
4.12e-07
5.43e-07
5.3e-07
4.56e-07
4.36e-07
4.64e-07
5.86e-07
7.26e-07
5.78e-07
4.38e-07
5.05e-07
4.92e-07
4.24e-07
3.89e-07
4.15e-07
3.99e-07
1.395e-06
9.06e-07
3.67e-07
7.22e-07
3.21e-07
4.62e-07
7.36e-07
3.84e-07
4.13e-07
3.25e-07
4.22e-07
4.09e-07
4.38e-07
3.83e-07
8.65e-07
6.14e-07
4.99e-07
6.12e-07
3.75e-07
3.38e-07
4.34e-07
3.73e-07
2.76e-07
2.78e-07
4.83e-07
5.39e-07
6.75e-07
3.77e-07
6.66e-07
3.78e-07
3.87e-07
4.46e-07
5.02e-07
7.34e-07
4.93e-07
4.85e-07
4.67e-07
9.07e-07
5.27e-07
8.04e-07
6.59e-07
1.11e-06
1.28e-06
6.91e-07
4.21e-07
3.91e-07
4.55e-07
8.25e-07
1.097e-06
9.86e-07
1.061e-06
1.206e-06
9.2e-07
9.33e-07
2.247e-06
9.52e-07
3.51e-07
9.43e-07
8.44e-07
8.92e-07
4.49e-07
6.29e-07
3.19e-07
4.38e-07
4.06e-07
3.44e-07
1.613e-06
3.16e-07
7.03e-07
6.07e-07
1.022e-06
1.012e-06
3.82e-07
1.141e-06
8.89e-07
9.48e-07
8.93e-07
9.48e-07
2.168e-06
9.67e-07
1.224e-06
1.973e-06
9.48e-07
1.092e-06
1.061e-06
1.613e-06
1.674e-06
1.135e-06
1.048e-06
1.174e-06
1.223e-06
9.61e-07
9.29e-07
1.561e-06
1.743e-06
1.034e-06
1.039e-06
1.138e-06
1.192e-06
9.94e-07
1.564e-06
1.765e-06
2.243e-06
1.643e-06
1.596e-06
1.19e-06
1.182e-06
9.56e-07
8.94e-07
1.118e-06
1.826e-06
1.749e-06
1.373e-06
1.425e-06
9.51e-07
1.579e-06
9.14e-07
1.42e-06
1.063e-06
1.134e-06
1.509e-06
1.071e-06
9.6e-07
8.85e-07
9.9e-07
1.679e-06
1.837e-06
1.153e-06
1.102e-06
1.353e-06
9.08e-07
1.62e-06
1.072e-06
1.55e-06
8.59e-07
1.4e-06
1.52e-06
1.602e-06
1.915e-06
1.667e-06
9.38e-07
1.826e-06
1.281e-06
1.268e-06
1.083e-06
1.094e-06
1.155e-06
1.064e-06
9.6e-07
1.14e-06
2.242e-06
1.827e-06
1.834e-06
1.138e-06
2.126e-06
1.263e-06
1.345e-06
1.046e-06
1.425e-06
1.22e-06
1.328e-06
2.178e-06
1.255e-06
1.075e-06
2.539e-06
1.214e-06
1.399e-06
1.522e-06
1.187e-06
1.129e-06
1.247e-06
1.191e-06
1.543e-06
1.52e-06
1.034e-06
2.138e-06
1.377e-06
1.098e-06
1.126e-06
1.147e-06
9.02e-07
1.057e-06
1.184e-06
1.189e-06
1.502e-06
9.06e-07
1.001e-06
1.529e-06
1.692e-06
1.566e-06
1.306e-06
1.085e-06
1.271e-06
1.32e-06
9.25e-07
2.31e-06
1.057e-06
1.137e-06
2.287e-06
1.505e-06
1.532e-06
1.088e-06
1.276e-06
1.078e-06
1.611e-06
1.093e-06
9.7e-07
1.698e-06
1.634e-06
1.542e-06
1.579e-06
1.201e-06
1.098e-06
2.003e-06
1.81e-06
1.029e-06
1.74e-06
1.279e-06
1.1e-06
1.233e-06
1.254e-06
1.35e-06
1.312e-06
1.379e-06
1.272e-06
1.153e-06
1.559e-06
1.373e-06
2.473e-06
1.73e-06
2.051e-06
2.177e-06
1.477e-06
1.513e-06
3.098e-06
1.698e-06
1.446e-06
1.436e-06
1.944e-06
1.406e-06
1.441e-06
1.317e-06
1.48e-06
1.256e-06
1.549e-06
1.037e-06
2.855e-06
1.234e-06
1.595e-06
1.438e-06
1.667e-06
1.217e-06
1.612e-06
1.625e-06
2.013e-06
1.526e-06
1.298e-06
1.204e-06
2.293e-06
1.913e-06
1.256e-06
1.365e-06
1.464e-06
1.859e-06
1.734e-06
1.721e-06
1.524e-06
1.523e-06
1.787e-06
1.553e-06
1.365e-06
1.562e-06
1.67e-06
1.991e-06
1.952e-06
1.6e-06
1.438e-06
1.345e-06
1.563e-06
1.893e-06
1.636e-06
1.639e-06
2.852e-06
2.974e-06
2.476e-06
2.988e-06
2.177e-06
1.75e-06
1.362e-06
1.465e-06
1.555e-06
1.4e-06
1.538e-06
2.128e-06
1.422e-06
1.256e-06
1.227e-06
1.317e-06
1.416e-06
1.456e-06
1.233e-06
2.255e-06
1.097e-06
1.335e-06
1.15e-06
1.084e-06
2.585e-06
1.458e-06
1.27e-06
1.321e-06
1.319e-06
1.232e-06
1.352e-06
1.237e-06
1.068e-06
1.23e-06
2.415e-06
1.77e-06
2.012e-06
1.466e-06
1.331e-06
1.312e-06
1.826e-06
9.65e-07
1.192e-06
1.352e-06
1.323e-06
1.154e-06
1.321e-06
1.322e-06
2.211e-06
1.936e-06
1.358e-06
2.31e-06
1.505e-06
2.863e-06
2.642e-06
1.735e-06
1.47e-06
2.606e-06
1.147e-06
1.104e-06
2.48e-06
1.201e-06
2.856e-06
1.816e-06
1.71e-06
1.626e-06
1.747e-06
1.803e-06
2.848e-06
1.552e-06
2.44e-06
1.805e-06
1.82e-06
2.942e-06
1.915e-06
3.127e-06
3.23e-06
3.674e-06
1.753e-06
2.166e-06
3.126e-06
3.044e-06
1.667e-06
1.685e-06
1.784e-06
1.713e-06
1.711e-06
1.666e-06
1.609e-06
1.638e-06
1.659e-06
1.667e-06
1.574e-06
1.752e-06
1.864e-06
1.879e-06
2.009e-06
1.712e-06
2.12e-06
1.974e-06
1.866e-06
2.005e-06
1.833e-06
2.291e-06
1.897e-06
2.06e-06
3.063e-06
3.353e-06
4.162e-06
3.095e-06
2.006e-06
1.647e-06
1.794e-06
3.128e-06
3.26e-06
1.807e-06
1.862e-06
1.69e-06
1.764e-06
2.021e-06
2.621e-06
2.878e-06
2.722e-06
2.063e-06
2.22e-06
1.358e-06
3.108e-06
1.464e-06
2.859e-06
1.307e-06
1.409e-06
1.497e-06
2.363e-06
1.623e-06
2.384e-06
1.792e-06
1.395e-06
2.832e-06
1.64e-06
1.452e-06
1.577e-06
2.018e-06
1.589e-06
1.925e-06
1.94e-06
1.561e-06
1.578e-06
1.698e-06
1.603e-06
1.976e-06
2.719e-06
1.525e-06
1.801e-06
2.983e-06
2.228e-06
2.012e-06
1.38e-06
1.536e-06
1.738e-06
3.019e-06
2.854e-06
2.514e-06
2.077e-06
1.528e-06
1.287e-06
1.835e-06
1.447e-06
1.283e-06
1.91e-06
1.345e-06
1.781e-06
2.436e-06
1.482e-06
1.121e-06
1.367e-06
1.442e-06
1.173e-06
1.414e-06
1.191e-06
1.276e-06
2.126e-06
1.446e-06
1.363e-06
1.335e-06
1.37e-06
1.204e-06
2.794e-06
1.672e-06
1.251e-06
1.263e-06
1.149e-06
1.864e-06
1.789e-06
2.43e-06
1.897e-06
1.674e-06
1.773e-06
1.654e-06
1.466e-06
1.432e-06
1.777e-06
1.906e-06
2.385e-06
1.859e-06
1.311e-06
1.47e-06
2.035e-06
1.82e-06
1.305e-06
1.918e-06
2.272e-06
1.96e-06
1.327e-06
1.96e-06
1.005e-06
1.302e-06
2.511e-06
1.188e-06
1.131e-06
1.851e-06
1.25e-06
2.17e-06
1.823e-06
1.253e-06
1.294e-06
1.281e-06
1.239e-06
1.761e-06
2.317e-06
1.11e-06
2.135e-06
1.06e-06
1.993e-06
1.281e-06
1.143e-06
1.73e-06
2.261e-06
1.273e-06
1.139e-06
1.29e-06
2.405e-06
1.171e-06
1.842e-06
1.304e-06
1.389e-06
1.285e-06
1.241e-06
1.381e-06
1.296e-06
1.843e-06
2.372e-06
1.286e-06
1.308e-06
1.204e-06
1.83e-06
1.311e-06
1.441e-06
1.384e-06
1.433e-06
1.389e-06
1.444e-06
1.333e-06
1.451e-06
1.3e-06
1.687e-06
1.473e-06
1.308e-06
1.433e-06
1.258e-06
1.042e-06
1.195e-06
1.124e-06
1.738e-06
1.205e-06
1.05e-06
1.269e-06
2.349e-06
1.276e-06
1.403e-06
1.039e-06
1.252e-06
1.089e-06
1.32e-06
1.055e-06
1.528e-06
1.215e-06
1.652e-06
1.531e-06
2.101e-06
1.023e-06
1.155e-06
1.207e-06
1.565e-06
1.777e-06
9.79e-07
1.035e-06
9.94e-07
1.064e-06
1.065e-06
9.81e-07
1.891e-06
1.485e-06
8.46e-07
8.69e-07
8.25e-07
1.027e-06
1.612e-06
1.745e-06
1.317e-06
1.706e-06
1.365e-06
9.22e-07
2.431e-06
9.25e-07
9.59e-07
9.57e-07
8.39e-07
1.045e-06
1.076e-06
7.22e-07
1.137e-06
8.38e-07
8.73e-07
8.13e-07
2.125e-06
9.4e-07
1.294e-06
3.24e-07
6.73e-07
1.292e-06
4.75e-07
3.83e-07
3.67e-07
6.27e-07
5.8e-07
3.7e-07
4.3e-07
4.84e-07
3.78e-07
5.82e-07
6.57e-07
3.5e-07
5.99e-07
4.61e-07
4.95e-07
2.4e-07
3.93e-07
4.85e-07
6.98e-07
2.77e-07
2.59e-07
3.14e-07
4.23e-07
7.16e-07
7.99e-07
4.87e-07
2.43e-07
1.79e-07
3.36e-07
4.26e-07
1.347e-06
4.91e-07
7.51e-07
2.3e-07
8e-07
3.63e-07
6.39e-07
3.48e-07
3.75e-07
4.67e-07
4.37e-07
4e-07
4.63e-07
6.6e-07
4.73e-07
6.4e-07
8.64e-07
4.63e-07
8.73e-07
4.52e-07
5.14e-07
4.74e-07
1.061e-06
4.08e-07
2.061e-06
3.22e-07
4.74e-07
1.04e-06
3.11e-07
3.13e-07
3.99e-07
9.51e-07
5.37e-07
5.8e-07
7.5e-07
7.37e-07
9.26e-07
4.09e-07
3.76e-07
4.36e-07
9.5e-07
1.035e-06
1.063e-06
1.08e-06
1.152e-06
9.3e-07
4.05e-07
5.31e-07
6.3e-07
5.03e-07
1.334e-06
6.87e-07
5.55e-07
3.01e-07
6.34e-07
4.98e-07
7.46e-07
1.253e-06
6.45e-07
8.97e-07
1.35e-06
6.95e-07
8.41e-07
1.041e-06
4.95e-07
5.3e-07
5.08e-07
4.06e-07
9.87e-07
4.2e-07
6.72e-07
6.59e-07
5.85e-07
4.6e-07
4.14e-07
4.58e-07
4.11e-07
5.95e-07
7.82e-07
3.92e-07
1.065e-06
4.29e-07
3.96e-07
3.62e-07
1.386e-06
8.96e-07
4.2e-07
7.68e-07
7.39e-07
7.46e-07
5.26e-07
4.18e-07
4.86e-07
4.65e-07
6.53e-07
1.031e-06
1.858e-06
4.2e-07
1.02e-06
5.26e-07
8.83e-07
9.25e-07
5.88e-07
4.76e-07
5.38e-07
8.21e-07
1.116e-06
4.17e-07
1.652e-06
8.53e-07
7.67e-07
5.91e-07
9.19e-07
7.67e-07
4.44e-07
5.1e-07
8.38e-07
5.87e-07
4.57e-07
8.81e-07
6.76e-07
5.37e-07
5.42e-07
6.08e-07
4.35e-07
4.37e-07
5.18e-07
7.16e-07
7.67e-07
5.26e-07
6.95e-07
9.06e-07
1.071e-06
4.22e-07
4.79e-07
8.66e-07
4e-07
4.24e-07
4.41e-07
6.9e-07
4.12e-07
6.07e-07
9.5e-07
1.087e-06
1.303e-06
1.847e-06
1.465e-06
1.087e-06
1.01e-06
1.834e-06
1.029e-06
8.32e-07
1.205e-06
9.26e-07
8.48e-07
9.94e-07
1.757e-06
9.39e-07
7.96e-07
1.147e-06
8.04e-07
8.53e-07
9.42e-07
9.77e-07
8.59e-07
8.33e-07
8.85e-07
1.057e-06
1.024e-06
8.95e-07
8.6e-07
1.418e-06
1.571e-06
1.558e-06
1.1e-06
1.098e-06
1.383e-06
1.127e-06
1.466e-06
1.851e-06
1.118e-06
1.017e-06
1.155e-06
1.103e-06
1.146e-06
9.47e-07
9.67e-07
1.132e-06
1.121e-06
1.091e-06
2.086e-06
1.56e-06
1.983e-06
1.052e-06
1.302e-06
1.062e-06
1.519e-06
8.86e-07
1.203e-06
1.113e-06
9.09e-07
1.324e-06
1.181e-06
1.205e-06
1.274e-06
1.464e-06
2.248e-06
1.198e-06
1.051e-06
9.56e-07
9.03e-07
1.68e-06
9.93e-07
1.595e-06
2.039e-06
9.78e-07
2.563e-06
9.66e-07
1.063e-06
1.127e-06
1.235e-06
1.027e-06
9.78e-07
1.216e-06
1.555e-06
1.104e-06
1.049e-06
1.054e-06
2.087e-06
1.604e-06
1.694e-06
1.934e-06
1.523e-06
1.645e-06
1.466e-06
1.666e-06
1.44e-06
1.281e-06
1.255e-06
2.265e-06
1.805e-06
1.249e-06
1.185e-06
1.776e-06
1.613e-06
2.042e-06
1.167e-06
1.151e-06
1.111e-06
1.106e-06
1.127e-06
1.507e-06
1.514e-06
1.186e-06
1.029e-06
1.413e-06
1.311e-06
2.156e-06
1.91e-06
1.06e-06
1.63e-06
1.17e-06
1.132e-06
2.137e-06
1.68e-06
1.748e-06
1.384e-06
1.61e-06
1.538e-06
2.164e-06
1.315e-06
1.019e-06
1.769e-06
1.306e-06
1.555e-06
1.036e-06
2.887e-06
1.212e-06
1.315e-06
1.091e-06
1.16e-06
1.151e-06
1.369e-06
1.22e-06
3.103e-06
1.243e-06
1.765e-06
1.926e-06
2.225e-06
1.114e-06
1.312e-06
2.144e-06
1.574e-06
1.593e-06
1.092e-06
1.029e-06
1.14e-06
1.368e-06
1.228e-06
2.067e-06
2.132e-06
1.147e-06
1.448e-06
1.18e-06
1.533e-06
1.745e-06
1.46e-06
1.12e-06
1.08e-06
1.072e-06
1.688e-06
1.84e-06
1.887e-06
1.2e-06
1.2e-06
1.304e-06
1.302e-06
1.446e-06
1.456e-06
1.521e-06
1.266e-06
1.548e-06
1.367e-06
1.247e-06
1.209e-06
1.356e-06
1.232e-06
1.407e-06
1.484e-06
1.368e-06
1.163e-06
2.559e-06
1.268e-06
2.13e-06
1.565e-06
1.324e-06
2.87e-06
1.938e-06
1.214e-06
1.18e-06
1.546e-06
1.923e-06
2.076e-06
1.739e-06
1.423e-06
1.846e-06
1.15e-06
1.296e-06
2.753e-06
1.966e-06
3.516e-06
1.224e-06
1.058e-06
1.085e-06
1.182e-06
1.088e-06
1.159e-06
1.291e-06
1.093e-06
1.263e-06
1.182e-06
2.374e-06
1.78e-06
1.945e-06
1.215e-06
1.627e-06
1.262e-06
1.715e-06
1.844e-06
1.638e-06
1.183e-06
1.192e-06
1.615e-06
1.261e-06
1.181e-06
1.167e-06
1.279e-06
1.128e-06
1.093e-06
1.283e-06
1.617e-06
1.569e-06
1.223e-06
1.386e-06
1.76e-06
1.508e-06
1.226e-06
1.113e-06
1.992e-06
1.241e-06
1.231e-06
1.129e-06
1.303e-06
1.811e-06
1.639e-06
1.718e-06
1.227e-06
1.095e-06
2.266e-06
2.254e-06
