0.000110644
8.4615e-05
8.6765e-05
8.6584e-05
9.3434e-05
8.9915e-05
8.9928e-05
9.1504e-05
9.9321e-05
8.9913e-05
9.0336e-05
8.7328e-05
9.6497e-05
8.6655e-05
0.000142108
9.109e-05
8.3548e-05
0.000101813
8.5938e-05
0.000149093
9.1733e-05
9.3035e-05
9.4037e-05
9.5547e-05
9.6261e-05
0.000104588
0.000104194
0.000107864
0.000101456
0.000103999
0.000112097
0.000133729
0.00012241
0.000113943
0.000109774
0.000112072
0.000107713
0.000113987
0.000113638
0.000115165
0.000126518
0.00011144
0.000110767
0.000114435
0.000123007
0.000117407
0.000175086
0.000202151
0.000214662
0.000194257
0.00012447
0.000138137
0.000137868
0.000146665
0.000146322
0.00022236
0.000236162
0.000229196
0.000141119
0.000174468
0.00014943
0.000177797
0.00015139
0.000159778
0.000155302
0.000156955
0.000164062
0.000169134
0.000252743
0.00018848
0.000184883
0.000288645
0.000186257
0.000168657
0.000192484
0.000173261
0.000189712
0.000175802
0.0001957
0.000185566
0.000182186
0.000321757
0.0001958
0.000327213
0.000203586
0.000218177
0.00021222
0.000214082
0.000227509
0.000233841
0.000376353
0.000231576
0.000236045
0.000235184
0.000232042
0.000263884
0.000247368
0.000258079
0.000357635
0.000246323
0.000235264
0.000243158
0.000251009
0.000238812
0.000238595
0.000253413
0.000382916
0.00039703
0.00055039
0.000418865
0.00026472
0.000299951
0.000279421
0.000309213
0.000276402
0.000313604
0.000317619
0.000316239
0.000291864
0.000290437
0.000548996
0.00034067
0.000547114
0.000342384
0.000562927
0.000421244
0.000355004
0.000314998
0.00032836
0.000348224
0.000570844
0.000567889
0.000354155
0.000537099
0.000331343
0.000331256
0.000572943
0.000350522
0.000348523
0.000639786
0.000571758
0.000598639
0.000583301
0.000626311
0.00059457
0.00055913
0.000598208
0.000383074
0.000540198
0.000593658
0.000614189
0.000431766
0.000677683
0.000405501
0.000432
0.000415144
0.000709289
0.000438178
0.000486991
0.000490591
0.000480708
0.000822438
0.000532014
0.000472264
0.000513169
0.000479971
0.0005049
0.000465533
0.000612115
0.000483728
0.000559304
0.000553615
0.00060509
0.000565133
0.000649478
0.000566414
0.0005091
0.000566715
0.00054461
0.00054969
0.000505787
0.000532742
0.000867413
0.000542635
0.000539605
0.000572132
0.000893192
0.000527567
0.00087869
0.000562216
0.00058746
0.000576457
0.000588687
0.00061371
0.000568105
0.000543749
0.000555266
0.000536389
0.000513827
0.00059179
0.000524494
0.0005244
0.00092997
0.000819222
0.000858789
0.000503146
0.000530271
0.000556985
0.000590412
0.000614248
0.000591601
0.000545736
0.000528741
0.000952692
0.000560493
0.000552074
0.000957951
0.000897168
0.000915537
0.000588414
0.000897853
0.000536203
0.000577248
0.000548901
0.000577755
0.000554889
0.00074323
0.000553741
0.000497444
0.00052078
0.000832174
0.000841817
0.000922356
0.000524318
0.000535971
0.000531176
0.000529418
0.000547401
0.00058813
0.000548168
0.000521181
0.000886677
0.000882512
0.000543022
0.000536664
0.000545679
0.000521895
0.000531517
0.000518078
0.000674084
0.000551764
0.000512028
0.000660342
0.000625807
0.000543794
0.000559689
0.000828633
0.000845195
0.000493576
0.000496664
0.00055921
0.000501751
0.000552778
0.000574174
0.000533347
0.000754316
0.000480603
0.000441827
0.000479887
0.000464509
0.000495903
0.000514198
0.000534735
0.000548194
0.000536889
0.000511973
0.000501919
0.000527081
0.000487714
0.000471217
0.00054547
0.000589106
0.000538394
0.000497991
0.000545804
0.000528126
0.000495957
0.000596235
0.000515193
0.000515075
0.000795044
0.000511761
0.000485607
0.000494592
0.000501305
0.000495556
0.000567885
0.000508493
0.000527323
0.000776247
0.000512273
0.000473182
0.000522281
0.00057618
0.000521744
0.000488276
0.000511129
0.000483515
0.000513348
0.000587807
0.00050201
0.000535143
0.000466218
0.000519814
0.000823187
0.000499871
0.000809082
0.00046962
0.000517599
0.000541051
0.000526421
0.000532289
0.000531627
0.000500675
0.00090431
0.000683407
0.000504716
0.00052814
0.000884137
0.00086359
0.000492461
0.000518638
0.000502383
0.000538819
0.000576324
0.000566765
0.000519208
0.000509071
0.000509085
0.000546036
0.000510093
0.000520478
0.000576241
0.000539016
0.000508304
0.000831182
0.000921105
0.000511183
0.000470291
0.000527722
0.000489245
0.000538187
0.000521426
0.000573492
0.000536008
0.000518174
0.000518054
0.000551784
0.000502357
0.00048961
0.000498047
0.000513974
0.000522643
0.000535767
0.000496835
0.000519309
0.000531328
0.00092584
0.000578939
0.000561345
0.000865014
0.000928161
0.000954495
0.000914832
0.000535908
0.000578998
0.000898093
0.000909987
0.000828119
0.000886797
0.000678602
0.000888582
0.000961231
0.000950331
0.00086127
0.000490822
0.000916293
0.000543354
0.000539101
0.000598455
0.000545206
0.000591962
0.00055995
0.000555912
0.000557888
0.000646888
0.000554675
0.00052555
0.000540139
0.000584705
0.000995298
0.000936734
0.000527641
0.00057458
0.000897773
0.000544327
0.000911196
0.000494217
0.000515082
0.000834759
0.000507744
0.000652468
0.000521252
0.000508401
0.000503415
0.000504627
0.000468331
0.000508814
0.000517587
0.000481614
0.000476087
0.000676636
0.000806594
0.000498322
0.000462933
0.000495167
0.000475103
0.000472512
0.000495494
0.000459357
0.000486976
0.000833258
0.000486054
0.00049377
0.000526386
0.000465163
0.000458823
0.000464647
0.00079427
0.000819239
0.000508553
0.000494207
0.000640653
0.000458734
0.000780048
0.000789342
0.000805761
0.000460588
0.000484196
0.000495658
0.000459824
0.000445445
0.000723711
0.000437896
0.000707997
0.000763201
0.000442473
0.000752649
0.000494741
0.000723792
0.000762987
0.000490181
0.000518117
0.000556696
0.000484329
0.000464276
0.000465451
0.0004775
0.000496732
0.000472161
0.000486044
0.000804174
0.000804789
0.000515782
0.000456187
0.000713763
0.000781564
0.000449679
0.000445897
0.000431233
0.000717278
0.000767386
0.000450647
0.000453534
0.000523599
0.000486353
0.000465835
0.000477933
0.000512373
0.000556769
0.000680547
0.000433374
0.00044363
0.000761483
0.000696403
0.000457425
0.000715388
0.000436963
0.000796287
0.000728618
0.000464312
0.000468353
0.000484672
0.000432898
0.000711338
0.000488336
0.000429962
0.000419787
0.000452217
0.000745308
0.000718743
0.000701029
0.000737545
0.000713797
0.00065482
0.000738918
0.000431724
0.000425089
0.000499075
0.000462972
0.000578391
0.000921638
0.000471077
0.000432231
0.000579298
0.000453042
0.000668736
0.000616904
0.00074356
0.000652079
0.000421141
0.000450162
0.000447689
0.000435818
0.000620788
0.000446591
0.000691612
0.000698007
0.000685966
0.000703568
0.000461962
0.00060157
0.000411225
0.000684671
0.00072021
0.000716938
0.00076571
0.000739726
0.000744123
0.000733649
0.000445966
0.000468397
0.000716907
0.000723223
0.000678189
0.000432612
0.000412611
0.000440851
0.000424119
0.000447257
0.000647171
0.000515804
0.000460469
0.000708095
0.000847836
0.000718573
0.000428136
0.000439692
0.000671337
0.000413857
0.000441526
0.000425657
0.000452778
0.00044322
0.000459171
0.000454908
0.000466901
0.000443778
0.000431596
0.000735708
0.000787739
0.000475284
0.000488818
0.000509946
0.000527106
0.000728697
0.000456458
0.00044295
0.000479891
0.000521355
0.000478346
0.00047443
0.000514992
0.000815054
0.000845082
0.000473373
0.000445004
0.000452808
0.000521526
0.000491277
0.000503073
0.000495179
0.000592814
0.000495907
0.000801313
0.000799773
0.000861743
0.000509745
0.000490049
0.000476349
0.000579516
0.000518516
0.000480871
0.000472981
0.000492834
0.0005373
0.000453609
0.000532378
0.000461218
0.000727256
0.000476329
0.00047306
0.000831471
0.000827137
0.000788955
0.000952969
0.000887479
0.000551315
0.000525734
0.000529731
0.000892683
0.00090638
0.000515363
0.000797709
0.000541123
0.000935431
0.000534613
0.000857723
0.000872312
0.000501997
0.00048146
0.000855196
0.000950953
0.00050714
0.000532089
0.000832865
0.000884763
0.000511668
0.000897144
0.000875824
0.000514141
0.000494937
0.000500365
0.000869698
0.000468609
0.000732236
0.000783162
0.000487701
0.000481417
0.00050385
0.00079417
0.000507958
0.000546974
0.000723131
0.000753245
0.000763745
0.000812061
0.000743165
0.000719303
0.00071421
0.000764114
0.000878743
0.000717147
0.000746261
0.000438021
0.000472383
0.000490149
0.000489748
0.000468419
0.000679136
0.000495742
0.000483265
0.000531967
0.000522561
0.000498333
0.000469653
0.000476826
0.000727284
0.000672509
0.000437266
0.000486693
0.000451841
0.000773717
0.000847913
0.000457394
0.000591504
0.000471118
0.000474681
0.000465133
0.000430125
0.000515118
0.000432355
0.000418214
0.00074142
0.000436737
0.000442659
0.000423254
0.000409741
0.000680583
0.000657257
0.000437099
0.000419323
0.000395995
0.000433647
0.000424936
0.000377984
0.000380281
0.000416417
0.000429863
0.000393215
0.000440602
0.000419294
0.000688404
0.000692988
0.000467694
0.000431057
0.000662328
0.000712516
0.000411115
0.000406305
0.000366149
0.000346885
0.000576366
0.000380139
0.000386459
0.000646181
0.000673187
0.000365744
0.000354629
0.000572551
0.000357591
0.000356571
0.000352859
0.000391825
0.000595013
0.000362169
0.000360697
0.000361264
0.000353099
0.000380513
0.000406535
0.000392892
0.000381543
0.000405332
0.000371663
0.000371542
0.000364941
0.000395867
0.00037377
0.000375502
0.000365479
0.00034636
0.000396992
0.000355117
0.000390763
0.00043757
0.000414504
0.000596077
0.000371318
0.000428067
0.000356622
0.000627674
0.000382271
0.000599861
0.000350291
0.00034569
0.000360209
0.000366443
0.000346929
0.000348349
0.000367616
0.000360396
0.000354081
0.000346255
0.000585074
0.000344913
0.000358198
0.000504737
0.000409768
0.000383484
0.000631707
0.000382507
0.000393072
0.000473779
0.000353118
0.000634781
0.000433583
0.00046264
0.000425296
0.000471076
0.000386476
0.000408291
0.000405426
0.000382424
0.000371349
0.000366124
0.000369356
0.00038551
0.000386523
0.000630321
0.000393563
0.000393709
0.000403087
0.000395706
0.000681642
0.000742234
0.000759771
0.000662818
0.000630351
0.000396851
0.000406198
0.000419119
0.00043841
0.000404762
0.000393521
0.00045225
0.000617825
0.000691352
0.00066668
0.000676765
0.000605333
0.000641079
0.000433073
0.00039011
0.000368621
0.000374779
0.000414506
0.000566373
0.000742066
0.000695575
0.000602732
0.000373067
0.000438711
0.000529749
0.000534428
0.000360232
0.00057633
0.000584661
0.000561376
0.000549878
0.000575372
0.00036046
0.000585131
0.000339645
0.000334015
0.00034621
0.000324294
0.000325177
0.00031848
0.000544528
0.00033126
0.000334327
0.000359226
0.000326781
0.000332095
0.000338482
0.000359141
0.000341902
0.000530941
0.000500219
0.000297903
0.000505281
0.000316519
0.000305976
0.000346705
0.000300631
0.000334662
0.000307485
0.000317902
0.000303622
0.000308732
0.00031576
0.000303699
0.000340306
0.000294046
0.000307693
0.000322014
0.000313076
0.00033269
0.000346182
0.000353987
0.000365947
0.000366647
0.000380373
0.00036173
0.000337757
0.000588889
0.000575434
0.000358472
0.000364821
0.000349694
0.000335903
0.000372168
0.000373741
0.000339499
0.000345201
0.00036551
0.000596634
0.000558205
0.000362992
0.00037262
0.000383349
0.000380402
0.000351401
0.000363195
0.000361114
0.000348734
0.000377622
0.000364786
0.000341712
0.000580698
0.00036358
0.000361783
0.000337846
0.000362951
0.000362351
0.000358659
0.000434211
0.000416059
0.000346143
0.000326035
0.000329614
0.00032499
0.000323904
0.000336402
0.000351858
0.000331537
0.000364544
0.000346655
0.000330196
0.000497583
0.000303504
0.00047648
0.000493673
0.000345062
0.00031262
0.000297981
0.000316003
0.000319196
0.000316332
0.000533051
0.000320437
0.000524093
0.000357837
0.000326862
0.000345855
0.000359186
0.000343364
0.000335364
0.000448605
0.000329697
0.000343114
0.000354494
0.000545131
0.00059199
0.000594253
0.00056241
0.000551542
0.000326985
0.000343527
0.000551495
0.000363756
0.000365166
0.000374458
0.000372572
0.000375994
0.000364944
0.000351581
0.000350232
0.000360421
0.000361828
0.000355047
0.000403067
0.000383755
0.000354493
0.000368571
0.00035736
0.000356598
0.000330492
0.000363228
0.000542243
0.000618035
0.000576949
0.000584313
0.000356465
0.000352194
0.000383667
0.000375429
0.000348687
0.000404483
0.000335578
0.000427258
0.000348558
0.000345688
0.000389878
0.000355237
0.000343385
0.000355294
0.00037755
0.000380915
0.000379988
0.000356917
0.000335981
0.000342413
0.000339003
0.00032379
0.000349404
0.000411067
0.000330003
0.000341366
0.000338361
0.000333613
0.000436078
0.000337254
0.000381823
0.000335421
0.000346243
0.000352325
0.000352576
0.000382371
0.000390387
0.000375913
0.000348559
0.00037803
0.000359569
0.000367681
0.000344847
0.000368121
0.000362807
0.000346834
0.000349229
0.000331471
0.000339294
0.00057818
0.000586981
0.000368428
0.000339623
0.000362304
0.000358606
0.000366366
0.000357491
0.000362352
0.000344239
0.000356666
0.000351445
0.000357304
0.000358602
0.0004051
0.000357762
0.000361051
0.000358277
0.000341229
0.000370021
0.000397364
0.000344924
0.000576789
0.000594331
0.000334202
0.000359978
0.000335386
0.000327833
0.000459143
0.00033725
0.000362984
0.000631978
0.000619695
0.000565735
0.000591361
0.000552279
0.000374349
0.000592359
0.00037802
0.000345608
0.000349482
0.00036232
0.000373324
0.0006002
0.000355165
0.000391657
0.000343647
0.000349455
0.000353993
0.000568453
0.000359991
0.000371021
0.00034993
0.000366859
0.000376812
0.000350576
0.000365309
0.000513634
0.000372864
0.000573921
0.000366892
0.000358466
0.000348416
0.000351162
0.000341126
0.000331378
0.00033633
0.000407123
0.000383245
0.000508136
0.000330538
0.000335395
0.000329549
0.00034086
0.000333785
0.000330943
0.000302431
0.000305309
0.000295187
0.00031653
0.000290967
0.000300999
0.000336568
0.000328567
0.000296146
0.000326965
0.000280315
0.000294888
0.000441976
0.00029889
0.000317566
0.000328339
0.000330718
0.000327573
0.00033622
0.000342583
0.000399151
0.000350521
0.000573888
0.000358417
0.00033542
0.000365582
0.000350804
0.00038731
0.000355999
0.000354504
0.000332463
0.000350747
0.000341884
0.000346194
0.000342125
0.000345227
0.00035579
0.000370199
0.000336607
0.000329005
0.00034753
0.000368447
0.000350756
0.000349857
0.00034353
0.000340406
0.000336037
0.000342697
0.000603777
0.000707004
0.000646189
0.000382128
0.000339582
0.000381026
0.000344043
0.00034524
0.000336746
0.000338562
0.000344712
0.000328106
0.000388413
0.000374511
0.000351071
0.000338049
0.0003479
0.000611844
0.000352161
0.000349037
0.000362727
0.000351655
0.000345216
0.000349771
0.000343432
0.000341292
0.000592154
0.000618787
0.0005488
0.000362005
0.000599932
0.000323709
0.000561704
0.000495973
0.00034631
0.00054724
0.000335425
0.000349978
0.000350024
0.000330635
0.000360204
0.000375083
0.000354079
0.000345747
0.00035855
0.000386464
0.000570534
0.000371505
0.000600398
0.000356294
0.000361056
0.000400976
0.000401608
0.000369964
0.000349546
0.000365503
0.000371063
0.000346446
0.000579089
0.000559758
0.000590332
0.000563158
0.000576351
0.000508506
0.000340676
0.000578731
0.000341633
0.000364614
0.000354487
0.000329549
0.000353409
0.000366369
0.000361493
0.000360536
0.000359749
0.000379525
0.000326203
0.000327262
0.000336825
0.00034823
0.000365051
0.000530961
0.000355551
0.000338415
0.000358144
0.000575464
0.000344133
0.0003659
0.000591438
0.000611223
0.000574846
0.000591839
0.000594183
0.000542622
0.000363135
0.000370631
0.000339032
0.000361368
0.000337182
0.000363115
0.000357714
0.000349312
0.00034653
0.000324923
0.000342755
0.000354499
0.000338299
0.000340627
0.000344265
0.000352471
0.000340536
0.000359549
0.000346909
0.000330425
0.00036791
0.000340625
0.000337466
0.000342198
0.000326231
0.000354247
0.000342709
0.000351322
0.000353123
0.000495282
0.000589798
0.000592656
0.000566682
0.000356918
0.000356951
0.000390933
0.000346441
0.000350547
0.00064391
0.000566751
0.000569416
0.000599099
0.000584573
0.000553417
0.0005584
0.000559563
0.000376037
0.000322865
0.000364696
0.000345072
0.000346277
0.000341286
0.000363498
0.000349131
0.000335422
0.000365482
0.000333308
0.000355278
0.000360716
0.000352815
0.000335887
0.00059016
0.000582038
0.000583064
0.000346327
0.000566113
0.000545344
0.00058848
0.000571628
0.000577287
0.000356512
0.00039109
0.000343756
0.000337838
0.000331792
0.000580785
0.000335913
0.000368254
0.000591099
0.000343259
0.000353408
0.000361237
0.000348026
0.00033311
0.000365348
0.000353807
0.000352396
0.000341464
0.00035532
0.000340694
0.000347142
0.000346504
0.000490717
0.000617466
0.000563452
0.000562187
0.000578972
0.000335861
0.00033637
0.00034324
0.000347842
0.000565999
0.000378971
0.000574643
0.000350433
0.000324219
0.000560736
0.000338651
0.00034042
0.000337653
0.000360596
0.000431282
0.000352845
0.000346821
0.000361904
0.000363775
0.000359919
0.000364533
0.000393445
0.000346344
0.000357444
0.000375847
0.000342651
0.00041735
0.000341118
0.000347696
0.000373202
0.000347032
0.000341409
0.00035064
0.000368731
0.000365181
0.000369268
0.000353958
0.00034704
0.000358251
0.000345891
0.000362261
0.000373792
0.000373777
0.00034367
0.000377437
0.000356247
0.000343332
0.000393099
0.00037663
0.000359854
0.000356709
0.000360327
0.000353942
0.000360369
0.00035698
0.000361767
0.00037515
0.000472807
0.000358343
0.000346441
0.000353628
0.000602397
0.000635029
0.000389668
0.000345327
0.000342056
0.000367485
0.000365243
0.000360873
0.000338093
0.000335588
0.000348331
0.000594802
0.000356552
0.000584528
0.000593011
0.000356175
0.000359032
0.000590258
0.000586439
0.000357185
0.000337546
0.000359477
0.000367826
0.000373859
0.000392767
0.000364306
0.000418487
0.000403969
0.000355643
0.000396341
0.00033913
0.000330431
0.000335223
0.000556159
0.000601907
0.000572415
0.000580415
0.000339556
0.000601852
0.000638563
0.000575844
0.000361456
0.000340639
0.000610941
0.000352552
0.000373228
0.000655186
0.000396339
0.000359463
0.000557635
0.000576765
0.0003771
0.000353775
0.000658581
0.000594024
0.000586944
0.000590759
0.000387188
0.000373138
0.000373523
0.000364236
0.000376451
0.000365597
0.00036081
0.000367056
0.000366273
0.000372851
0.000373431
0.000362002
0.000363602
0.000362006
0.00038457
0.000639831
0.000380575
0.00063934
0.000360476
0.000646412
0.000625135
0.000363656
0.000387397
0.000352037
0.000354774
0.000362178
0.000358915
0.00040126
0.000639905
0.000517742
0.000387231
0.000385177
0.000402818
0.000631237
0.000368404
0.000647454
0.00059656
0.000604833
0.000462493
0.000617974
0.000610882
0.000633755
0.00067003
0.000400413
0.000659908
0.000365566
0.00037114
0.000381624
0.000377661
0.000362836
0.000390667
0.000391931
0.000385556
0.000398341
0.000376182
0.000394273
0.000379402
0.000383083
0.000638352
0.000380902
0.000579239
0.000398234
0.000379938
0.0003893
0.000356213
0.000539497
0.000424631
0.000415439
0.000399496
0.000394573
0.000426187
0.00039756
0.000602988
0.000617894
0.000388647
0.000615425
0.000377675
0.000379391
0.000418274
0.000388618
0.000387817
0.000383383
0.0006865
0.000419545
0.00039581
0.000384512
0.000650888
0.000390943
0.000375978
0.000405611
0.000399084
0.000370643
0.000384613
0.000383103
0.000614712
0.000362425
0.000381081
0.00037767
0.000365487
0.000365433
0.000374769
0.000366138
0.000624949
0.000389055
0.000441757
0.000372788
0.000356211
0.000344027
0.000338477
0.000353757
0.000348276
0.000335603
0.000334221
0.000383461
0.000320235
0.000478964
0.000524685
0.000339877
0.000548663
0.000333686
0.000330854
0.00054798
0.00046186
0.000335323
0.0004387
0.000574508
0.000356826
0.000362167
0.000355776
0.000365652
0.000495794
0.000351813
0.000340078
0.000535095
0.000368516
0.000330767
0.000334001
0.000329054
0.000353185
0.000357641
0.000345137
0.000363725
0.000538705
0.000341163
0.000583812
0.00057453
0.000624529
0.000634969
0.000603565
0.000599311
0.000618738
0.000621831
0.00050045
0.000379431
0.000554912
0.000619693
0.000603806
0.000579752
0.000579484
0.00057997
0.000411383
0.000384529
0.000379139
0.000610633
0.000634963
0.000590607
0.000470412
0.00057583
0.000580182
0.000587879
0.000613117
0.000606005
0.000609625
0.000385796
0.000368509
0.000381273
0.000361786
0.000382614
0.000608893
0.000614252
0.000392185
0.000363813
0.000391659
0.000637467
0.000620803
0.000590398
0.000375343
0.00039849
0.000372405
0.000375463
0.000371856
0.000380177
0.000601088
0.000402417
0.000641931
0.000607859
0.000379585
0.000372737
0.000361001
0.000368114
0.000401333
0.000360228
0.000371598
0.000363153
0.000378373
0.000360535
0.000380095
0.000376407
0.000387803
0.000363887
0.000597874
0.000577063
0.000608572
0.000618136
0.000599292
0.000384536
0.000352047
0.00038763
0.00039599
0.000389856
0.000361078
0.000376144
0.000346618
0.000638762
0.000671508
0.000587913
0.000374445
0.000369472
0.0003942
0.000369045
0.000371909
0.000359592
0.000365011
0.000584715
0.000616494
0.000598556
0.000560415
0.000343122
0.000345631
0.000566951
0.000342721
0.000343264
0.000559577
0.000596573
0.000346829
0.000348591
0.000353552
0.000408938
0.000343896
0.000335465
0.000579031
0.000612077
0.000369785
0.000360339
0.000362487
0.000388222
0.000620726
0.000342973
0.000628564
0.000360556
0.000652385
0.000378182
0.000364018
0.000374821
0.000361527
0.000383726
0.000336965
0.000354586
0.000363099
0.000351503
0.000597652
0.000593551
0.000604173
0.000590181
0.000360946
0.000361456
0.000367973
0.000409126
0.000353067
0.000724136
0.000372568
0.000483388
0.000367066
0.00036833
0.000397797
0.000354669
0.000332988
0.000345531
0.000579551
0.000358349
0.000594132
0.000354526
0.000597112
0.000551014
0.000349656
0.000373542
0.000356408
0.000343774
0.000639128
0.000621965
0.000360307
0.000573416
0.000356825
0.000345737
0.000358018
0.000360036
0.000340126
0.000338513
0.000348578
0.000385302
0.000365731
0.00035152
0.000593936
0.000596273
0.000614199
0.000588058
0.000360397
0.000360084
0.000359676
0.000376688
0.000357178
0.000371721
0.000352455
0.000366424
0.000595328
0.000612312
0.000572792
0.000532508
0.000388115
0.00035561
0.000409176
0.000363928
0.000376
0.000357023
0.000359332
0.000350275
0.000355492
0.000372464
0.000395129
0.00038743
0.00035557
0.000417761
0.000407194
0.000386621
0.000344774
0.000367739
0.000395594
0.000385512
0.000392428
0.000608972
0.000419522
0.000367795
0.000462888
0.000628517
0.000662567
0.000691309
0.000719162
0.00071808
0.000694035
0.000739469
0.000675572
0.000696815
0.000425785
0.000416452
0.000668905
0.000587719
0.000367394
0.000625691
0.000451581
0.000389787
0.000374866
0.000484852
0.000460144
0.000393108
0.000375151
0.000380152
0.000370474
0.000394893
0.0004034
0.000647061
0.000410415
0.00048566
0.000407811
0.000393647
0.000403561
0.000402583
0.000406056
0.00072718
0.000405143
0.000406727
0.000408966
0.000428555
0.000452293
0.000413403
0.000736137
0.000744924
0.00072597
0.00042368
0.000709741
0.000727854
0.000743673
0.000781089
0.000503948
0.000484932
0.00045911
0.000454797
0.00041579
0.000418186
0.00045253
0.000803969
0.000841875
0.000462965
0.000481654
0.000477169
0.000478081
0.000492278
0.00050601
0.000478532
0.000925055
0.000512278
0.000555913
0.000476089
0.000803631
0.000522578
0.000641375
0.00049427
0.000477952
0.000455481
0.000464339
0.000491145
0.000514921
0.000524256
0.000866603
0.000538716
0.000479775
0.000759142
0.000468387
0.000485993
0.000476
0.000516753
0.000473473
0.000470464
0.000461919
0.000470217
0.000751236
0.000642391
0.000429691
0.000676231
0.000753778
0.000418101
0.00066695
0.000697544
0.00062615
0.000677142
0.00045446
0.00046314
0.000442232
0.000688819
0.000388256
0.000387015
0.000437057
0.000409141
0.000417292
0.000396917
0.000403403
0.000407169
0.000435469
0.000434063
0.000386942
0.00032697
0.000340082
0.000336905
0.000368467
0.000632643
0.000373044
0.000375396
0.000386826
0.000427078
0.000432298
0.000406337
0.000397463
0.000410704
0.0003865
0.00040228
0.000399924
0.000396848
0.000402953
0.000413116
0.000398298
0.000401696
0.000381899
0.000395197
0.000644339
0.000373768
0.00038473
0.000603865
0.000375991
0.000373269
0.000536979
0.0006061
0.000600996
0.00058753
0.000352768
0.000341525
0.000548088
0.000328342
0.000377831
0.000368412
0.000594736
0.000339672
0.000362383
0.000376601
0.000757361
0.000358463
0.000319616
0.000597469
0.000353007
0.00034355
0.000556164
0.000342593
0.000347216
0.000518913
0.000339364
0.000345304
0.000351664
0.000335921
0.000351499
0.000340683
0.000348951
0.000330958
0.000366155
0.000305337
0.000300038
0.000342134
0.000328116
0.000333905
0.000352303
0.000522699
0.000317307
0.000353361
0.000337173
0.000369054
0.000311525
0.000485589
0.000328641
0.000452194
0.000307091
0.000334858
0.000317265
0.000281973
0.000307323
0.000296261
0.000325555
0.000316285
0.000298792
0.000314133
0.000320752
0.000306593
0.000314585
0.000290076
0.000341083
0.000324488
0.000320347
0.00034112
0.00032946
0.000346705
0.000313258
0.000299202
0.000295092
0.000315147
0.00031326
0.000325941
0.000307892
0.000306467
0.000291888
0.000425349
0.000332451
0.000307498
0.000319423
0.000298975
0.000292767
0.000342218
0.000282973
0.000287381
0.00030466
0.000319268
0.000315222
0.000321991
0.000328957
0.000325371
0.000327029
0.000367051
0.000335684
0.000515416
0.000300794
0.000504574
0.000540348
0.000513558
0.000316149
0.000315604
0.000296777
0.000315265
0.000310701
0.000320418
0.000356913
0.000332069
0.000339694
0.000340708
0.000362736
0.00037678
0.000320433
0.000334304
0.000364105
0.000559005
0.000347363
0.00034932
0.000343176
0.000337688
0.000331582
0.000327766
0.000332735
0.000334833
0.000330032
0.000324169
0.000606309
0.000365742
0.000601225
0.000351512
0.000360551
0.000341025
0.000339936
0.000334304
0.000610112
0.000329046
0.000342273
0.000551894
0.000554835
0.000553775
0.000348797
0.000594134
0.000420404
0.000413772
0.000332166
0.00033979
0.00055545
0.00057962
0.000589629
0.000364812
0.000331976
0.000338986
0.000332601
0.000442011
0.000583396
0.000601064
0.000343053
0.000357938
0.000365136
0.00057981
0.000369655
0.000353079
0.000338349
0.000585622
0.000353356
0.000345673
0.00032387
0.000340207
0.000334746
0.000332689
0.000395768
0.00034338
0.000599107
0.000358203
0.00034329
0.000328544
0.00036405
0.000360871
0.000579133
0.000359282
0.000357016
0.000381403
0.000350468
0.000372403
0.000343462
0.000439227
0.000343291
0.000353757
0.000370598
0.000585882
0.000586577
0.000360555
0.000352585
0.000593733
0.000371457
0.000338484
0.000366283
0.000348644
0.000582324
0.00059264
0.000337461
0.000584156
0.000341841
0.000358109
0.000573652
0.000351821
0.000377856
0.000353977
0.000365741
0.000397992
0.000339544
0.000331033
0.000328388
0.00032356
0.000353779
0.000337206
0.000324095
0.00032761
0.000344156
0.000345834
0.000343729
0.000352879
0.000358575
0.000335349
0.000363769
0.000366458
0.000364744
0.000370142
0.000383844
0.000359435
0.000347302
0.000359426
0.000372424
0.000361159
0.000371601
0.000374883
0.000376639
0.000371519
0.000367087
0.000373452
0.000385739
0.0003587
0.000374517
0.000394873
0.000362283
0.000364139
0.000349285
0.000384236
0.000372143
0.000386576
0.000577884
0.000357629
0.00035483
0.000354857
0.000560785
0.000377861
0.000365178
0.000341257
0.000377384
0.000370725
0.000367227
0.000349505
0.00060804
0.00039725
0.000379031
0.000365656
0.00038877
0.000374144
0.00037434
0.000379515
0.000374201
0.000588411
0.000463705
0.000392436
0.000372775
0.000380054
0.000376798
0.000361405
0.000414671
0.000371962
0.000376259
0.000409707
0.000611157
0.000367295
0.000356004
0.00037402
0.000382397
0.000374805
0.000356573
0.000378808
0.000611378
0.000641542
0.000365066
0.000365171
0.000624004
0.00065461
0.000586024
0.00034615
0.000379493
0.000366203
0.000401749
0.000357611
0.000365761
0.000349137
0.000358805
0.00036228
0.000568338
0.000362813
0.000354914
0.000342702
0.000334665
0.000355675
0.000352333
0.000563857
0.000577857
0.000564268
0.000333248
0.000575869
0.000585334
0.000584128
0.000359626
0.000352561
0.000352021
0.000632817
0.000393018
0.000368888
0.000361724
0.000595731
0.000574272
0.000580447
0.000320848
0.000356152
0.000358176
0.000379554
0.000592682
0.000377435
0.00058277
0.000586904
0.000380084
0.000380215
0.00036032
0.000370141
0.000376502
0.000610981
0.000601619
0.000379327
0.000371065
0.000382734
0.000360372
0.00039841
0.000380535
0.000426096
0.000378757
0.000377532
0.000366851
0.000377558
0.000379637
0.000452589
0.000354008
0.000360516
0.000307835
0.000318365
0.000335171
0.000339637
0.000354124
0.000335892
0.000350428
0.000357628
0.000374188
0.000347088
0.000341987
0.000339916
0.000514967
0.000612817
0.000564653
0.000337107
0.000343256
0.000336784
0.000328669
0.000607804
0.000589519
0.000369954
0.000568075
0.000779385
0.000421452
0.000363858
0.000384629
0.000369421
0.000359865
0.000328326
0.000337407
0.000353811
0.000594801
0.000412559
0.000362715
0.000577843
0.000607852
0.000700877
0.000368365
0.000375682
0.000366596
0.000379149
0.000384258
0.000366687
0.000365809
0.00046862
0.000574098
0.000415344
0.000470916
0.000408412
0.000430041
0.000427081
0.000442373
0.000720108
0.000679333
0.000408807
0.000415802
0.000419685
0.000434452
0.00040448
0.000405595
0.000456363
0.00034404
0.000366345
0.000614621
0.000627874
0.000493337
0.000396271
0.000367155
0.000350739
0.00035302
0.000357575
0.00037412
0.000373808
0.000605802
0.00059074
0.000379299
0.000348133
0.000326186
0.000360646
0.000355616
0.000349262
0.000544869
0.000358764
0.000339908
0.000361444
0.000564429
0.000352914
0.000315777
0.000309303
0.000552367
0.00055643
0.000319063
0.000488988
0.000325468
0.000319059
0.000541149
0.000503171
0.000488405
0.000513439
0.000493481
0.000564637
0.000330282
0.000320812
0.000547296
0.000494515
0.000321792
0.000304091
0.000309729
0.000308177
0.000356461
0.000328248
0.000356515
0.000356016
0.000373116
0.000377779
0.000408724
0.000385014
0.000388832
0.000399558
0.000421753
0.000387735
0.000426484
0.000441188
0.000710424
0.000435346
0.000445471
0.000461046
0.000442719
0.00078145
0.000416313
0.00073018
0.000462423
0.000453488
0.000481982
0.000495511
0.000455115
0.000434716
0.000745388
0.000515169
0.000439078
0.000450973
0.000423182
0.000425489
0.000417139
0.000444115
0.000436918
0.000675989
0.000670476
0.000405314
0.00044183
0.000404485
0.000423437
0.000416961
0.000393941
0.000411361
0.000404526
0.000401545
0.000409055
0.000416958
0.000349873
0.000434461
0.000607173
0.00036158
0.000393664
0.000402971
0.000657586
0.000346242
0.00033447
0.000331793
0.00034768
0.000525925
0.00031838
0.000304158
0.000304347
0.000366508
0.000508819
0.000467474
0.000480819
0.000471641
0.000298289
0.000296023
0.000299011
0.000436985
0.000275816
0.000442725
0.000273704
0.000301813
0.00025653
0.000266064
0.000266803
0.000256951
0.000405586
0.000408862
0.000260142
0.000413343
0.000435995
0.000261187
0.000249449
0.000239312
0.000289219
0.000271048
0.000325757
0.000299598
0.000464208
0.000425224
0.000430332
0.000245055
0.000269629
0.000286417
0.000252816
0.000250775
0.000239721
0.000228411
0.000318949
0.000411743
0.00037864
0.000388529
0.000257549
0.000306779
0.000246173
0.000250306
0.000270166
0.000253041
0.000263508
0.000283852
0.000268151
0.000276182
0.000265754
0.000245962
0.000263231
0.000250651
0.000378594
0.000227982
0.000248001
0.000264089
0.000255462
0.000243383
0.000223843
0.000267216
0.000239272
0.00025992
0.000233771
0.000224129
0.000232468
0.00026108
0.000258503
0.00024061
0.000229309
0.000275782
0.000251912
0.000242996
0.000284808
0.0002728
0.000242423
0.000274256
0.000277839
0.000288426
0.000276193
0.000253204
0.000250659
0.000277342
0.000309139
0.00046888
0.000296336
0.000288642
0.000288997
0.00028525
0.000226973
0.000267678
0.000256878
0.000235616
0.000263359
0.000230334
0.000239933
0.000403663
0.000265827
0.000379467
0.000257439
0.000256535
0.000259477
0.000281124
0.0002741
0.000268467
0.000250712
0.000254884
0.000271289
0.000239398
0.000244465
0.000226342
0.000363911
0.000236041
0.000234485
0.000266049
0.000264062
0.000276078
0.000235163
0.000237275
0.000266507
0.000279661
0.00027325
0.000435088
0.000259846
0.000269979
0.000281873
0.000281585
0.000466415
0.000265339
0.000471276
0.000276329
0.000262849
0.000441195
0.000465214
0.000413354
0.000445449
0.000425013
0.000291184
0.000382196
0.0002579
0.000271611
0.000262264
0.000254045
0.000259371
0.000282023
0.000250274
0.000249202
0.00025477
0.000257843
0.000264165
0.000398063
0.000288106
0.000269588
0.000267568
0.000457575
0.000268301
0.00042615
0.000262163
0.000418967
0.000276592
0.000284077
0.000262345
0.000266789
0.00028296
0.000273603
0.000275897
0.000300719
0.00040537
0.000463589
0.000461865
0.000299287
0.000281426
0.000280062
0.0002654
0.000270438
0.000269438
0.000284104
0.00027538
0.0002827
0.000281345
0.000270858
0.000277208
0.000282925
0.000263546
0.000265709
0.000278438
0.000263433
0.000432567
0.000275401
0.000409745
0.000278723
0.000282242
0.00026337
0.000292636
0.000289887
0.000259511
0.000286598
0.000278875
0.000271407
0.000286418
0.000267301
0.000278426
0.000272482
0.000279473
0.000283635
0.000279295
0.000284339
0.000486344
0.000484889
0.000282431
0.000281048
0.000475193
0.000480647
0.000310258
0.000408287
0.000296218
0.000273794
0.000273415
0.000277634
0.00043263
0.00026239
0.000277321
0.000390341
0.000249536
0.000278003
0.000254774
0.000296567
0.000278597
0.00029461
0.000270954
0.00027258
0.000273781
0.000313971
0.000300665
0.000296109
0.000281906
0.000283481
0.00027784
0.000268185
0.000479628
0.00027825
0.000281051
0.000307251
0.000272719
0.000295984
0.000271882
0.000268591
0.000262088
0.000263994
0.000271697
0.000295524
0.000265044
0.000274926
0.000277453
0.000266987
0.000265062
0.000269448
0.000304006
0.000437657
0.000292984
0.000282275
0.000305956
0.000269661
0.00028118
0.000473792
0.000459106
0.000279396
0.000292582
0.000263818
0.000288317
0.000269006
0.000257958
0.000256892
0.000269274
0.000277534
0.000265102
0.00044904
0.000305276
0.000272056
0.00030189
0.000438203
0.000457849
0.000492568
0.000482862
0.0004454
0.000283908
0.000307218
0.00027982
0.000272025
0.000290553
0.000275064
0.00043603
0.000486948
0.000504496
0.000302903
0.000300101
0.000504505
0.000301318
0.000292855
0.000273136
0.000281711
0.000282094
0.000272596
0.000283787
0.000427407
0.000282096
0.000291172
0.000279577
0.000287005
0.000426895
0.000461248
0.000273316
0.000298374
0.000284508
0.000288236
0.000349102
0.00029306
0.000282665
0.000388816
0.000421906
0.000430137
0.000270914
0.000269919
0.000440636
0.000288161
0.000288426
0.000440399
0.000281753
0.000273897
0.000264312
0.000277114
0.000480896
0.000463829
0.000320345
0.000489359
0.000450624
0.000453823
0.000461689
0.000437086
0.000275382
0.000283287
0.000261546
0.000285096
0.000274618
0.000280634
0.000294444
0.00026506
0.000285606
0.00028534
0.000288233
0.000291426
0.000279794
0.000276272
0.000309422
0.000274472
0.000447457
0.000317443
0.000268112
0.000389083
0.000272968
0.000310087
0.000324624
0.000284559
0.000282693
0.000388514
0.000280869
0.000302913
0.00028557
0.000478047
0.000418714
0.000281478
0.000274751
0.000333148
0.000274284
0.00025369
0.000401338
0.00026644
0.000268905
0.000292051
0.000464992
0.00027544
0.000277652
0.000290925
0.000288346
0.000284447
0.000522243
0.000461705
0.000295968
0.000335529
0.000273407
0.000318062
0.000297765
0.000496868
0.000289001
0.00028838
0.000299154
0.000387504
0.000514386
0.000381476
0.000281936
0.000294988
0.000481619
0.000287033
0.000282433
0.00045663
0.000504617
0.000498403
0.000451949
0.000278368
0.000294586
0.000276565
0.000298099
0.000276234
0.000283368
0.000281294
0.000281727
0.000420641
0.000274351
0.000302208
0.000305012
0.000657454
0.000396386
0.000294663
0.000271012
0.000313205
0.000266164
0.00028262
0.000274651
0.000277951
0.000279125
0.000299564
0.000294335
0.000391638
0.000285436
0.000305011
0.000293773
0.000340181
0.000299604
0.000343373
0.000342235
0.000301131
0.0003083
0.000289365
0.000467761
0.000295342
0.000288305
0.000291743
0.000305029
0.000294876
0.000474487
0.000427018
0.000269663
0.000289433
0.00030697
0.000475191
0.000484669
0.000455926
0.000478183
0.000289551
0.000285329
0.00028523
0.000289583
0.000302449
0.00029181
0.000482147
0.000487212
0.000312276
0.00047757
0.000504013
0.000483119
0.000453004
0.000491615
0.000285554
0.000475385
0.000486569
0.000466844
0.000283411
0.000286623
0.00030488
0.00030698
0.000302099
0.000288576
0.000279518
0.000308104
0.000282481
0.000490368
0.000466744
0.000467414
0.000426118
0.000291091
0.000295807
0.000303623
0.000293992
0.000291566
0.00028839
0.000329195
0.000283733
0.00027492
0.000276852
0.000304119
0.000291411
0.000283173
0.0002862
0.000288965
0.000316895
0.000301132
0.00028794
0.000292364
0.000316407
0.000297237
0.000304021
0.000482799
0.000287768
0.00029468
0.000498381
0.000528064
0.000297197
0.00029212
0.00029998
0.000293864
0.000289551
0.000299351
0.000301869
0.000295149
0.000306544
0.000310416
0.000306599
0.000430081
0.000483779
0.000310905
0.000284168
0.00028713
0.000286169
0.000296048
0.000296833
0.000285301
0.000289377
0.000313334
0.000311507
0.000449284
0.000309714
0.000524435
0.000302605
0.000287005
0.000305157
0.000310502
0.00028315
0.000493597
0.000317843
0.000292044
0.000307505
0.000286788
0.000307481
0.000326333
0.000293351
0.000299846
0.000298195
0.000481744
0.000277209
0.00039541
0.000317539
0.000508772
0.000495893
0.000496383
0.000506615
0.000291343
0.00030497
0.00032059
0.000307442
0.000474248
0.000293207
0.00042793
0.00041984
0.000527152
0.000486174
0.000476829
0.000298059
0.000289931
0.000343469
0.000298126
0.000290184
0.000480762
0.00032602
0.000477223
0.000288039
0.000507722
0.000507422
0.000525002
0.000305637
0.000480204
0.000499444
0.000301858
0.000477084
0.000308704
0.000347671
0.000299669
0.000400707
0.000469264
0.000288398
0.000470723
0.000286922
0.000296001
0.000275792
0.000286815
0.000268239
0.000299044
0.000294577
0.000501778
0.000499533
0.000474776
0.000585151
0.000470355
0.000276465
0.000475766
0.000505369
0.000500679
0.000286025
0.000290037
0.000464582
0.00028444
0.000282907
0.000278949
0.000288892
0.000491879
0.000457153
0.000330692
0.000305964
0.000356251
0.000306918
0.000303882
0.000373157
0.000330508
0.000361444
0.000285133
0.000310013
0.00033145
0.000284962
0.000282419
0.000281156
0.000282115
0.0002788
0.000279994
0.000492298
0.000293047
0.000291407
0.000308299
0.000428807
0.000288709
0.000293487
0.000476702
0.00049152
0.000416172
0.000283105
0.000465544
0.000301433
0.000272842
0.000290326
0.000350288
0.000300024
0.000292096
0.000332978
0.000289527
0.000408648
0.000496131
0.000481519
0.000293514
0.000328868
0.000284729
0.00028285
0.000278854
0.000284033
0.000269322
0.000449511
0.00026998
0.000292256
0.000475374
0.000269972
0.00028134
0.000460015
0.000481645
0.000361304
0.00036621
0.000296511
0.000292716
0.000278829
0.000274159
0.000327779
0.000473301
0.000284668
0.000282285
0.000267979
0.000467275
0.00030245
0.000306214
0.000323825
0.000284137
0.000263524
0.000465515
0.000341965
0.000267309
0.000337551
0.00027694
0.000288671
0.000283389
0.000266966
0.000527982
0.000293821
0.000284855
0.000475421
0.000469268
0.000482065
0.00048994
0.000297136
0.000503006
0.000462496
0.000337679
