7.345e-06
6.8154e-05
7.4587e-05
7.3889e-05
6.5801e-05
7.4476e-05
6.6091e-05
7.9262e-05
5.4785e-05
6.2033e-05
5.8988e-05
4.9514e-05
9.0682e-05
5.816e-05
9.7269e-05
5.2282e-05
5.0513e-05
4.7762e-05
8.8707e-05
9.5326e-05
6.5786e-05
6.274e-05
6.9865e-05
6.4604e-05
6.9642e-05
6.9884e-05
7.8951e-05
0.000108471
8.9919e-05
9.1428e-05
9.5064e-05
0.000112834
0.000101838
0.000114532
8.1754e-05
7.4404e-05
7.622e-05
7.8094e-05
8.4e-05
7.5109e-05
8.5986e-05
5.9244e-05
5.9497e-05
6.8134e-05
7.8532e-05
6.834e-05
4.079e-06
0.000114281
0.000142086
0.000115224
6.4465e-05
7.0046e-05
9.9721e-05
7.7397e-05
8.6677e-05
0.000105649
0.000109725
0.00010672
5.944e-05
6.6089e-05
6.4319e-05
6.6963e-05
6.8411e-05
7.1563e-05
6.7673e-05
6.6176e-05
7.3314e-05
7.5237e-05
0.000112572
7.3406e-05
7.5037e-05
6.1118e-05
6.375e-05
6.0188e-05
7.8642e-05
7.2582e-05
8.1161e-05
7.4684e-05
7.7768e-05
6.8763e-05
7.359e-05
0.000139324
7.9431e-05
0.000127432
8.299e-05
9.6355e-05
7.3255e-05
7.2946e-05
3.477e-06
9.0668e-05
0.000148515
9.1849e-05
8.099e-05
6.8905e-05
6.9203e-05
8.0089e-05
6.8e-05
7.2274e-05
7.219e-05
5.5909e-05
5.3937e-05
5.9801e-05
5.8124e-05
6.524e-05
4.4212e-05
5.7277e-05
0.000101258
6.9661e-05
8.2174e-05
9.1635e-05
4.8921e-05
5.4219e-05
5.6279e-05
5.8885e-05
6.4606e-05
5.4946e-05
6.6937e-05
5.6388e-05
4.6651e-05
4.0181e-05
0.000103262
5.193e-05
8.8823e-05
5.2221e-05
9.9258e-05
4.1783e-05
6.1812e-05
3.386e-05
5.2067e-05
3.9674e-05
7.9109e-05
7.6886e-05
4.8703e-05
7.3985e-05
5.4515e-05
3.7997e-05
7.7639e-05
4.1925e-05
4.6431e-05
9.7485e-05
0.000112751
7.6855e-05
9.4564e-05
0.000100524
7.8273e-05
7.9215e-05
7.0878e-05
4.0365e-05
8.2398e-05
9.1063e-05
9.7405e-05
9.004e-05
8.2552e-05
4.0317e-05
6.2659e-05
4.1076e-05
8.2692e-05
4.9453e-05
6.4384e-05
5.3315e-05
9.4756e-05
0.000102195
7.2922e-05
5.0971e-05
6.1851e-05
6.1569e-05
4.775e-05
5.8449e-05
8.1155e-05
8.0201e-05
9.5725e-05
8.4934e-05
7.7918e-05
7.8569e-05
9.1363e-05
6.148e-05
5.9464e-05
6.9951e-05
7.8673e-05
7.9755e-05
8.4549e-05
6.1527e-05
0.000114532
6.8207e-05
7.2526e-05
5.7107e-05
0.000118114
7.4431e-05
0.000126276
9.058e-05
7.4873e-05
7.6582e-05
5.8913e-05
6.9361e-05
7.4201e-05
8.9756e-05
7.9323e-05
7.3406e-05
7.8293e-05
7.8316e-05
5.0492e-05
6.9126e-05
0.000109642
8.9582e-05
9.7676e-05
6.4638e-05
5.8911e-05
6.2313e-05
6.5369e-05
5.5676e-05
6.0895e-05
6.1705e-05
8.7935e-05
0.000134513
7.9629e-05
5.6989e-05
0.000137235
0.000138745
0.000145585
9.2789e-05
0.00018276
6.7613e-05
9.5225e-05
6.4095e-05
9.8833e-05
0.000139134
0.000108189
8.3577e-05
0.000101579
5.9987e-05
9.1439e-05
0.000122398
9.8722e-05
6.7507e-05
4.8581e-05
6.977e-05
7.0618e-05
7.6283e-05
0.000116641
4.9002e-05
8.4383e-05
0.000128806
0.000132917
8.7968e-05
5.6099e-05
6.8669e-05
6.275e-05
6.4779e-05
6.806e-05
5.8799e-05
8.2238e-05
6.1453e-05
9.1776e-05
6.8314e-05
8.3794e-05
6.4062e-05
5.3629e-05
0.000113482
5.7413e-05
3.6214e-05
6.4739e-05
5.0948e-05
5.5409e-05
5.2704e-05
6.1672e-05
7.3461e-05
6.0381e-05
3.9411e-05
6.1934e-05
4.9829e-05
5.1053e-05
5.832e-05
4.6532e-05
4.9306e-05
4.2128e-05
5.985e-05
5.9099e-05
6.0846e-05
6.0388e-05
4.4012e-05
4.5488e-05
3.4484e-05
5.7115e-05
5.8481e-05
5.0303e-05
5.9038e-05
4.7708e-05
6.6655e-05
4.861e-05
4.7943e-05
5.5835e-05
3.9903e-05
4.5226e-05
4.8798e-05
5.0626e-05
6.3952e-05
5.4505e-05
4.3603e-05
4.9306e-05
5.6332e-05
5.0792e-05
3.8464e-05
2.9363e-05
4.8594e-05
5.1362e-05
5.0556e-05
4.3593e-05
3.4333e-05
3.8643e-05
6.6324e-05
6.1164e-05
4.9707e-05
4.6525e-05
6.1166e-05
0.000102352
6.9877e-05
0.000112343
7.3538e-05
5.8187e-05
6.4643e-05
5.2646e-05
7.1446e-05
5.8287e-05
5.5506e-05
8.3602e-05
7.5489e-05
4.3234e-05
4.9688e-05
7.3578e-05
0.000139426
4.6505e-05
4.593e-05
5.9638e-05
3.6553e-05
5.313e-05
7.7294e-05
5.7498e-05
4.1361e-05
3.1984e-05
3.3237e-05
5.4832e-05
3.9958e-05
5.8511e-05
5.9187e-05
7.2957e-05
6.4266e-05
6.9447e-05
5.5016e-05
4.6092e-05
3.4401e-05
6.5027e-05
5.8711e-05
5.6403e-05
5.1676e-05
7.9639e-05
0.000103232
5.2479e-05
6.859e-05
6.0226e-05
5.856e-05
5.7309e-05
6.6324e-05
4.3771e-05
6.0775e-05
4.7917e-05
9.1921e-05
5.2004e-05
0.000149096
5.6851e-05
5.5361e-05
6.7299e-05
8.8114e-05
9.661e-05
7.7171e-05
3.1524e-05
4.6918e-05
0.000128429
8.0872e-05
8.3744e-05
0.000120323
5.2237e-05
6.5163e-05
4.9071e-05
6.7704e-05
7.9027e-05
5.5657e-05
6.6571e-05
3.9605e-05
5.4659e-05
4.1402e-05
4.8252e-05
4.7464e-05
4.6547e-05
5.8527e-05
4.3226e-05
5.6273e-05
4.6201e-05
4.5825e-05
6.4329e-05
3.6936e-05
9.5899e-05
8.4182e-05
4.4819e-05
3.4262e-05
7.5356e-05
4.8965e-05
7.1373e-05
4.7052e-05
4.7397e-05
0.000110162
4.522e-05
5.1167e-05
5.1718e-05
5.8571e-05
5.8283e-05
4.2853e-05
6.095e-05
5.6345e-05
4.4802e-05
5.0943e-05
4.9262e-05
7.8497e-05
8.0805e-05
3.9632e-05
5.5086e-05
6.9404e-05
4.3638e-05
5.5475e-05
5.9293e-05
4.4741e-05
5.5781e-05
7.8733e-05
5.2816e-05
6.0854e-05
5.7231e-05
3.9556e-05
4.7498e-05
4.4544e-05
8.8294e-05
0.000101514
6.9257e-05
7.0832e-05
5.3891e-05
5.3627e-05
7.7085e-05
9.2161e-05
7.2783e-05
6.9982e-05
5.6214e-05
5.8355e-05
7.5444e-05
6.0023e-05
0.000121903
6.6041e-05
0.000104858
0.00013481
4.7858e-05
0.000120348
7.3958e-05
0.000128723
0.000132968
9.7775e-05
9.0353e-05
8.0773e-05
7.6488e-05
7.2392e-05
7.8796e-05
8.4464e-05
7.6594e-05
7.2551e-05
8.3258e-05
0.000141528
0.0001192
7.7099e-05
8.4446e-05
0.000153565
0.000107908
7.0602e-05
5.8126e-05
6.6996e-05
0.000112533
0.000106459
7.0061e-05
5.6578e-05
7.7936e-05
7.0994e-05
6.9586e-05
8.9823e-05
0.000121076
6.1589e-05
8.7176e-05
5.3873e-05
6.1499e-05
8.8303e-05
0.000118424
5.5264e-05
9.6951e-05
6.9474e-05
9.3663e-05
9.7242e-05
6.1666e-05
4.5972e-05
4.4035e-05
4.6473e-05
0.000112933
6.3207e-05
6.2643e-05
4.8355e-05
6.8337e-05
9.6228e-05
8.3655e-05
8.2348e-05
0.000107119
9.4279e-05
9.3723e-05
9.8773e-05
3.8509e-05
4.4065e-05
6.3816e-05
4.9256e-05
6.4649e-05
9.9596e-05
4.1394e-05
4.7728e-05
4.3588e-05
4.1758e-05
0.000112094
8.2525e-05
7.3649e-05
8.4777e-05
4.7082e-05
4.1042e-05
5.7944e-05
4.6837e-05
7.5057e-05
4.6079e-05
7.5632e-05
9.2773e-05
6.544e-05
7.6252e-05
6.5988e-05
9.649e-05
5.6396e-05
6.922e-05
8.3524e-05
7.41e-05
6.1993e-05
5.464e-05
5.933e-05
6.0265e-05
3.2031e-05
2.2584e-05
6.5274e-05
5.4033e-05
6.3406e-05
3.1451e-05
2.9145e-05
3.0564e-05
2.9672e-05
2.6011e-05
5.3438e-05
2.7314e-05
3.0534e-05
4.9774e-05
7.356e-05
4.2392e-05
2.8211e-05
3.4909e-05
6.7375e-05
6.2457e-05
3.851e-05
2.6405e-05
4.4765e-05
5.5165e-05
4.7279e-05
3.3533e-05
3.0131e-05
2.3954e-05
4.5234e-05
6.0635e-05
3.6193e-05
4.818e-05
4.8889e-05
5.1237e-05
5.4187e-05
6.4835e-05
8.628e-05
4.4841e-05
5.8619e-05
5.8304e-05
3.6364e-05
4.6986e-05
4.2558e-05
9.2525e-05
9.182e-05
4.9258e-05
4.5884e-05
4.2551e-05
4.4415e-05
3.663e-05
4.3282e-05
4.778e-05
5.8733e-05
5.248e-05
8.8209e-05
8.3469e-05
0.000111833
5.0565e-05
5.6509e-05
6.0318e-05
6.2351e-05
8.055e-05
6.1803e-05
6.5046e-05
6.3749e-05
5.4052e-05
6.405e-05
7.4635e-05
5.6248e-05
0.000110653
5.1281e-05
5.516e-05
0.000116569
9.6628e-05
9.9376e-05
0.000127299
0.000110371
6.4483e-05
6.8668e-05
6.6039e-05
0.0001286
0.000110323
6.8145e-05
6.4887e-05
6.9747e-05
0.000103462
4.3459e-05
0.00010687
0.000122089
5.4304e-05
5.3195e-05
9.7953e-05
0.000147622
6.4361e-05
4.422e-05
4.8432e-05
0.000121264
5.7954e-05
7.623e-05
0.000105618
4.3863e-05
3.9375e-05
3.8339e-05
6.4305e-05
3.8062e-05
8.0396e-05
0.000105411
6.0115e-05
5.2534e-05
6.1639e-05
9.4676e-05
6.0546e-05
4.2237e-05
6.5918e-05
7.5873e-05
7.599e-05
6.5515e-05
5.9929e-05
8.6315e-05
8.4443e-05
6.134e-05
8.6745e-05
6.9273e-05
6.9149e-05
3.337e-05
4.9596e-05
4.4932e-05
3.0597e-05
4.0012e-05
5.3036e-05
3.9914e-05
3.7008e-05
4.3681e-05
6.3462e-05
4.7641e-05
5.0764e-05
5.2486e-05
7.7555e-05
7.5297e-05
3.1547e-05
3.6374e-05
3.1898e-05
6.5909e-05
5.8195e-05
3.8358e-05
4.0969e-05
3.9608e-05
3.207e-05
4.6463e-05
3.6084e-05
3.6306e-05
4.6534e-05
4.0165e-05
6.2775e-05
2.8714e-05
3.9746e-05
5.2603e-05
3.0998e-05
4.8814e-05
2.5041e-05
4.0246e-05
3.7207e-05
3.0557e-05
3.6658e-05
5.0074e-05
4.9246e-05
3.1592e-05
3.975e-05
4.7233e-05
4.0017e-05
4.4675e-05
3.0625e-05
8.7059e-05
8.526e-05
3.9388e-05
3.2914e-05
5.8288e-05
7.3333e-05
3.4954e-05
3.799e-05
3.5938e-05
2.5661e-05
4.812e-05
2.6462e-05
2.9359e-05
5.223e-05
6.6817e-05
3.3875e-05
3.1451e-05
6.1528e-05
2.767e-05
2.687e-05
4.0188e-05
2.9089e-05
7.0859e-05
0.000104912
3.8686e-05
3.2746e-05
3.5674e-05
4.2359e-05
3.7821e-05
3.5089e-05
3.7347e-05
3.3231e-05
3.2001e-05
2.0844e-05
2.3758e-05
2.3143e-05
2.5212e-05
2.5592e-05
2.2559e-05
1.9983e-05
2.8747e-05
2.3533e-05
2.0347e-05
1.8177e-05
2.1143e-05
4.3637e-05
2.3491e-05
2.3486e-05
1.8836e-05
6.0794e-05
2.3969e-05
3.7974e-05
2.696e-05
2.4814e-05
2.5276e-05
2.2177e-05
1.9287e-05
1.91e-05
3.7915e-05
2.8793e-05
2.385e-05
2.0934e-05
3.4834e-05
2.7995e-05
2.5606e-05
4.4735e-05
4.6914e-05
4.1388e-05
5.1068e-05
4.222e-05
2.2295e-05
2.3047e-05
1.8565e-05
4.2155e-05
3.3271e-05
3.468e-05
2.8511e-05
4.3665e-05
3.3189e-05
2.6367e-05
2.6636e-05
2.4901e-05
2.498e-05
2.4342e-05
2.2408e-05
2.6412e-05
2.8981e-05
4.51e-05
2.8418e-05
2.8415e-05
3.2402e-05
5.1453e-05
4.2144e-05
6.1007e-05
4.7051e-05
5.6305e-05
5.5883e-05
2.9487e-05
3.0692e-05
3.5131e-05
3.7641e-05
3.5193e-05
3.406e-05
3.6109e-05
5.7864e-05
6.5755e-05
8.076e-05
7.5566e-05
6.9262e-05
8.188e-05
3.6781e-05
3.8094e-05
3.6266e-05
3.4461e-05
3.7391e-05
7.3406e-05
6.8567e-05
0.000209268
0.000136974
3.9453e-05
4.4032e-05
3.8008e-05
5.0753e-05
4.2185e-05
7.4086e-05
7.7137e-05
6.9181e-05
6.0577e-05
6.8977e-05
3.9193e-05
6.5254e-05
4.4511e-05
4.1082e-05
4.2093e-05
3.9294e-05
4.6505e-05
4.146e-05
5.8723e-05
4.2142e-05
4.1642e-05
4.1763e-05
3.617e-05
4.2836e-05
4.9466e-05
5.1272e-05
4.1687e-05
5.1895e-05
6.1995e-05
3.8492e-05
5.6103e-05
4.2097e-05
3.747e-05
6.6796e-05
3.7432e-05
4.7655e-05
4.9266e-05
4.5318e-05
4.8988e-05
5.5271e-05
4.0975e-05
3.5677e-05
3.7035e-05
2.8396e-05
3.724e-05
4.3423e-05
4.114e-05
4.6665e-05
2.59e-06
5.7328e-05
4.9263e-05
6.2647e-05
6.1592e-05
6.2561e-05
5.1994e-05
9.9386e-05
8.7606e-05
5.9174e-05
5.7877e-05
5.4436e-05
6.4699e-05
6.0663e-05
5.3431e-05
5.605e-05
7.3266e-05
6.6878e-05
0.000113294
9.77e-05
6.4666e-05
6.0157e-05
6.4907e-05
5.6642e-05
5.1811e-05
5.4061e-05
5.6051e-05
5.3978e-05
5.9497e-05
5.5706e-05
2.765e-06
0.000108426
6.4775e-05
6.3139e-05
6.4612e-05
4.7894e-05
6.1764e-05
6.3575e-05
7.0358e-05
6.0832e-05
5.3754e-05
6.8161e-05
5.9361e-05
4.6746e-05
5.1592e-05
4.8157e-05
4.839e-05
5.0395e-05
4.631e-05
4.7271e-05
4.7314e-05
7.7423e-05
4.0714e-05
7.8353e-05
3.263e-06
4.9182e-05
4.2775e-05
4.2651e-05
4.591e-05
4.8759e-05
2.188e-06
7.8523e-05
4.2376e-05
3.225e-06
4.6894e-05
4.2171e-05
5.1771e-05
5.0483e-05
4.7355e-05
4.5675e-05
9.8465e-05
5.4255e-05
8.9633e-05
8.2081e-05
0.000103783
0.000109076
0.000106495
9.0286e-05
8.1352e-05
4.7448e-05
4.8981e-05
9.0428e-05
5.7952e-05
9.0165e-05
6.0598e-05
5.4302e-05
6.0813e-05
6.0868e-05
5.3385e-05
5.3975e-05
5.4854e-05
5.0626e-05
4.8617e-05
6.1652e-05
5.833e-05
5.562e-05
5.9522e-05
5.69e-05
5.1322e-05
2.912e-06
5.7598e-05
3.649e-06
9.5445e-05
9.5523e-05
8.8673e-05
4.7172e-05
3.097e-06
5.421e-05
5.2817e-05
5.2814e-05
5.0647e-05
4.8454e-05
4.2585e-05
5.0866e-05
4.9558e-05
5.221e-05
5.4738e-05
5.1816e-05
5.968e-05
4.9454e-05
6.0548e-05
5.3555e-05
3.003e-06
4.7432e-05
4.8242e-05
4.9003e-05
4.5012e-05
5.0814e-05
6.0027e-05
4.3045e-05
4.9382e-05
7.5515e-05
5.8656e-05
4.9833e-05
4.4377e-05
4.5605e-05
5.7244e-05
4.7897e-05
4.8279e-05
4.9651e-05
5.7361e-05
6.6318e-05
5.2953e-05
5.0434e-05
4.9599e-05
5.0871e-05
5.223e-05
6.4188e-05
5.517e-05
5.0107e-05
5.2874e-05
5.1766e-05
4.5371e-05
4.4143e-05
7.16e-05
8.0924e-05
4.5685e-05
4.5376e-05
5.7712e-05
5.2701e-05
5.6633e-05
5.2317e-05
5.548e-05
5.2329e-05
5.3534e-05
4.9974e-05
5.0539e-05
5.3691e-05
4.8626e-05
4.7706e-05
5.5057e-05
5.3592e-05
5.4196e-05
4.9807e-05
5.6291e-05
4.8047e-05
0.000107416
9.4197e-05
4.3558e-05
5.4081e-05
4.963e-05
4.5505e-05
5.2356e-05
4.7184e-05
4.547e-05
7.7142e-05
8.6075e-05
3.864e-06
8.2733e-05
3.231e-06
7.1658e-05
9.5983e-05
4.9879e-05
4.8443e-05
4.978e-05
5.6187e-05
5.1491e-05
0.000101076
5.3508e-05
5.9572e-05
4.9314e-05
4.9745e-05
4.9745e-05
6.5015e-05
5.2145e-05
4.962e-05
6.2297e-05
4.9946e-05
6.6888e-05
4.1682e-05
5.6985e-05
8.2414e-05
5.9052e-05
3.788e-06
5.7198e-05
4.9327e-05
4.8072e-05
5.0233e-05
5.1329e-05
4.763e-05
4.7196e-05
5.4538e-05
4.9844e-05
0.000109204
4.2122e-05
4.6358e-05
4.3966e-05
2.894e-06
4.3599e-05
4.9499e-05
4.2139e-05
3.6818e-05
3.394e-06
3.6344e-05
4.8372e-05
2.595e-06
4.1615e-05
3.182e-06
5.0077e-05
3.8574e-05
3.7064e-05
2.324e-06
5.8168e-05
5.2458e-05
4.1851e-05
4.0454e-05
5.6101e-05
5.3361e-05
5.3673e-05
4.6719e-05
7.202e-05
5.0165e-05
8.0137e-05
5.6131e-05
4.5563e-05
5.5892e-05
4.9279e-05
5.0979e-05
5.5153e-05
4.6472e-05
4.2873e-05
4.5152e-05
4.7031e-05
4.0775e-05
5.8764e-05
4.5754e-05
6.6743e-05
3.168e-06
4.4723e-05
2.439e-06
4.693e-05
5.4128e-05
4.0711e-05
4.4952e-05
4.2969e-05
4.5002e-05
4.3439e-05
4.4002e-05
7.5162e-05
8.5387e-05
8.0874e-05
5.5338e-05
4.0958e-05
3.455e-06
4.8858e-05
4.2791e-05
4.0798e-05
4.5375e-05
4.5985e-05
4.9399e-05
4.5372e-05
4.7177e-05
4.7593e-05
4.4666e-05
4.6852e-05
3.851e-06
4.5194e-05
4.2361e-05
5.4354e-05
4.5446e-05
5.9117e-05
4.4969e-05
4.3563e-05
4.4016e-05
8.4103e-05
7.9314e-05
3.698e-06
4.5379e-05
8.4147e-05
3.7003e-05
7.6756e-05
5.4269e-05
4.3053e-05
7.2478e-05
4.1659e-05
4.4061e-05
4.4101e-05
4.1162e-05
4.2751e-05
4.5263e-05
4.33e-05
4.9685e-05
5.108e-05
7.6354e-05
7.9848e-05
4.433e-05
8.6104e-05
4.7606e-05
4.384e-05
7.4142e-05
5.0994e-05
5.0668e-05
5.6469e-05
4.8942e-05
5.0958e-05
5.276e-05
8.7874e-05
8.4437e-05
3.841e-06
8.3588e-05
8.3296e-05
8.7807e-05
4.8937e-05
7.6333e-05
4.7443e-05
5.1363e-05
5.9146e-05
4.4943e-05
4.969e-05
5.6727e-05
5.7974e-05
4.9387e-05
4.8092e-05
5.739e-05
2.503e-06
4.5634e-05
4.4656e-05
4.7519e-05
5.007e-05
8.44e-05
4.6527e-05
4.7698e-05
4.8518e-05
9.4236e-05
4.7e-05
6.2067e-05
8.0978e-05
8.7937e-05
3.801e-06
9.9108e-05
9.132e-05
9.7552e-05
5.7951e-05
6.5542e-05
4.8172e-05
5.446e-05
3.143e-06
5.3223e-05
5.8084e-05
6.2624e-05
2.692e-06
4.854e-05
4.8477e-05
2.999e-06
4.806e-05
2.749e-06
4.8674e-05
5.3456e-05
4.8143e-05
5.125e-05
2.97e-06
4.6526e-05
3.028e-06
4.8221e-05
5.4794e-05
4.5646e-05
4.3797e-05
4.7101e-05
4.7936e-05
5.2281e-05
5.2771e-05
9.4372e-05
8.7916e-05
9.4336e-05
8.0979e-05
4.809e-05
5.1946e-05
5.1539e-05
5.9671e-05
5.8711e-05
0.000101165
7.6462e-05
8.1917e-05
8.058e-05
8.0956e-05
3.398e-06
8.8036e-05
3.605e-06
4.3917e-05
2.699e-06
4.8897e-05
4.6059e-05
4.6356e-05
4.5548e-05
4.7871e-05
4.7055e-05
5.8186e-05
5.5278e-05
2.811e-06
5.2652e-05
4.8532e-05
5.557e-05
5.1923e-05
8.4901e-05
8.3528e-05
4.029e-06
4.8038e-05
8.7818e-05
7.3108e-05
9.2864e-05
8.058e-05
8.0777e-05
5.1076e-05
2.913e-06
4.5604e-05
4.8629e-05
4.4352e-05
7.8939e-05
4.4114e-05
4.8647e-05
8.3848e-05
4.4654e-05
4.8628e-05
4.544e-05
4.5815e-05
2.466e-06
5.2433e-05
4.8566e-05
3.024e-06
6.5871e-05
5.5947e-05
4.3538e-05
5.0075e-05
4.5859e-05
3.67e-06
5.0065e-05
3.776e-06
7.8487e-05
3.355e-06
4.292e-05
4.6725e-05
4.4195e-05
4.8556e-05
7.7458e-05
4.7323e-05
8.4819e-05
5.4933e-05
4.7456e-05
3.378e-06
5.9135e-05
4.5917e-05
4.7287e-05
5.0662e-05
4.036e-06
4.8302e-05
4.7207e-05
5.3554e-05
6.8061e-05
5.3854e-05
4.7817e-05
5.1893e-05
5.1959e-05
5.8642e-05
5.1996e-05
4.6327e-05
5.3729e-05
4.9794e-05
5.2437e-05
5.0557e-05
2.85e-06
4.692e-05
4.7357e-05
5.0551e-05
5.3595e-05
5.3732e-05
4.8854e-05
5.2461e-05
2.606e-06
4.4322e-05
4.9272e-05
6.5251e-05
5.3794e-05
4.7684e-05
6.2567e-05
5.2664e-05
4.9595e-05
6.6932e-05
5.4819e-05
5.7609e-05
5.4884e-05
5.0252e-05
4.769e-05
5.6641e-05
5.0566e-05
6.382e-05
5.4364e-05
6.081e-05
6.3834e-05
5.3413e-05
2.608e-06
0.000108091
3.457e-06
5.97e-05
5.672e-05
2.584e-06
5.5055e-05
5.4383e-05
2.687e-06
4.939e-05
4.791e-05
2.453e-06
9.5888e-05
5.0998e-05
8.2039e-05
9.1111e-05
5.5761e-05
5.4833e-05
9.3375e-05
8.9204e-05
5.1003e-05
5.4419e-05
5.5265e-05
7.7657e-05
5.4898e-05
5.3628e-05
4.9586e-05
4.9025e-05
6.5597e-05
3.565e-06
5.0113e-05
4.8499e-05
4.5446e-05
5.2776e-05
8.7e-05
9.4928e-05
9.1035e-05
9.4401e-05
4.7051e-05
9.3569e-05
7.0801e-05
9.2205e-05
5.1586e-05
6.0337e-05
0.000118519
5.5165e-05
6.1991e-05
0.00010777
0.000101958
6.1417e-05
9.3008e-05
3.489e-06
5.4519e-05
5.7659e-05
0.000122277
0.000106561
0.000102465
0.000100548
5.8193e-05
6.608e-05
6.6639e-05
6.2819e-05
6.1728e-05
5.8563e-05
5.9442e-05
5.8674e-05
5.8892e-05
6.0873e-05
6.2911e-05
8.1511e-05
5.8594e-05
6.1376e-05
7.0835e-05
0.000131999
6.6546e-05
0.00013002
6.1028e-05
0.00012226
0.00011538
6.0508e-05
6.0204e-05
5.5184e-05
6.2198e-05
6.9014e-05
6.8865e-05
6.1229e-05
0.000131944
0.000125719
7.2302e-05
7.2616e-05
6.9071e-05
0.000118777
6.2205e-05
0.000128389
0.000106233
0.000115417
7.1589e-05
0.000121518
0.000109402
0.000121733
0.000121179
6.8718e-05
0.000125674
6.0561e-05
6.5792e-05
6.8843e-05
7.5314e-05
6.8823e-05
7.6153e-05
7.6868e-05
7.2009e-05
7.8556e-05
7.1662e-05
8.2464e-05
7.5277e-05
7.333e-05
0.000144914
7.3479e-05
0.000132111
7.8032e-05
8.1715e-05
7.5034e-05
6.9698e-05
0.000109554
8.8834e-05
8.019e-05
7.2633e-05
8.4639e-05
8.1941e-05
7.5881e-05
0.00013099
0.000126487
7.6929e-05
0.000146754
7.2542e-05
7.5575e-05
8.5795e-05
8.064e-05
8.6324e-05
7.4266e-05
0.00015519
8.5362e-05
7.47e-05
7.511e-05
0.000135575
7.3033e-05
8.8045e-05
7.9438e-05
8.0051e-05
7.0689e-05
7.6057e-05
7.2517e-05
0.000135737
7.1225e-05
7.357e-05
7.5643e-05
7.5227e-05
7.1284e-05
8.0017e-05
8.0232e-05
0.00013967
7.3685e-05
0.000111889
6.9794e-05
7.233e-05
7.0191e-05
6.5389e-05
6.6518e-05
6.8025e-05
6.1836e-05
5.9821e-05
6.2754e-05
5.5338e-05
0.000110477
0.00010835
7.6057e-05
0.000117061
6.5984e-05
9.1472e-05
0.00011036
8.371e-05
6.1507e-05
0.000117717
0.0001172
7.0339e-05
6.82e-05
6.555e-05
6.6344e-05
0.000121964
6.8804e-05
5.5077e-05
9.2439e-05
4.9059e-05
4.7719e-05
2.509e-06
4.4239e-05
5.8084e-05
3.081e-06
5.3551e-05
2.717e-06
0.000102394
5.2881e-05
0.000101503
3.598e-06
0.000125544
3.91e-06
0.000123928
0.000130709
0.000123582
3.495e-06
7.2916e-05
6.6338e-05
0.000124275
0.000122507
0.000123601
0.000116179
0.000109579
0.000114291
6.2441e-05
7.1251e-05
6.6498e-05
0.000110456
0.000102549
9.8812e-05
8.8324e-05
9.8134e-05
0.000106491
0.0001094
0.000111408
0.000112727
0.000119525
6.5314e-05
7.3082e-05
7.0481e-05
6.5318e-05
7.5387e-05
0.000118655
0.000127944
7.0299e-05
6.9445e-05
8.4545e-05
0.000125364
0.000125287
0.00011355
7.4863e-05
7.1095e-05
6.8019e-05
7.3849e-05
6.8016e-05
7.6533e-05
0.000107652
7.377e-05
0.000122526
0.000113895
6.9685e-05
6.3132e-05
7.3288e-05
6.5078e-05
6.6862e-05
6.4782e-05
6.9765e-05
6.9037e-05
7.0543e-05
6.1313e-05
6.8234e-05
7.2563e-05
7.0785e-05
6.8825e-05
0.000118595
9.9411e-05
0.000113086
0.000121377
0.000107971
6.7866e-05
5.9216e-05
6.924e-05
6.8989e-05
7.4003e-05
7.2535e-05
6.9259e-05
8.1943e-05
0.000121797
0.000127275
0.000114807
6.5132e-05
6.8166e-05
7.2585e-05
8.7429e-05
7.0051e-05
6.3622e-05
6.9782e-05
0.000112327
0.00011475
0.000112902
0.000109853
6.0041e-05
5.9442e-05
0.000106163
6.09e-05
5.8811e-05
0.000109378
0.000110608
6.0751e-05
5.8961e-05
6.3398e-05
6.7626e-05
6.6959e-05
6.0566e-05
0.000111353
0.000126302
6.824e-05
5.7344e-05
7.2129e-05
7.3275e-05
0.000127114
6.0246e-05
0.000126755
6.3391e-05
0.000103606
6.4879e-05
6.0138e-05
6.0363e-05
6.038e-05
5.587e-05
5.485e-05
7.4323e-05
6.2294e-05
6.0622e-05
9.9027e-05
0.000108686
0.000108778
0.000113028
6.5126e-05
6.5357e-05
7.0422e-05
6.17e-05
6.4964e-05
0.000129249
6.8381e-05
6.0167e-05
6.5984e-05
6.6054e-05
7.0715e-05
6.0873e-05
6.0052e-05
5.385e-05
9.9435e-05
5.7745e-05
0.000113645
5.758e-05
0.000122294
5.4959e-05
6.6567e-05
6.4903e-05
6.2218e-05
5.4747e-05
0.000100181
9.2897e-05
6.0002e-05
0.000107019
7.4626e-05
5.9057e-05
6.4816e-05
6.8355e-05
5.3494e-05
5.9367e-05
6.5333e-05
6.7453e-05
6.2162e-05
2.685e-06
0.000103433
9.4394e-05
0.00011165
0.00011427
6.3819e-05
6.3931e-05
5.7514e-05
6.8184e-05
5.9538e-05
6.615e-05
5.7156e-05
6.4375e-05
0.000111807
0.000111866
0.000118144
0.000114413
7.5722e-05
5.8854e-05
7.5996e-05
6.5606e-05
6.8559e-05
6.036e-05
6.5848e-05
5.7129e-05
5.9393e-05
6.7284e-05
7.4864e-05
7.9428e-05
6.7512e-05
7.3085e-05
8.0665e-05
7.1057e-05
2.746e-06
7.5106e-05
9.6416e-05
6.9616e-05
7.1068e-05
0.000119437
7.512e-05
6.218e-05
5.8418e-05
0.00010642
0.000125691
0.000128765
0.000148567
0.000156831
0.000121383
0.000120607
0.000111919
7.2572e-05
7.4787e-05
7.0853e-05
0.000101949
8.4259e-05
5.3393e-05
0.000111147
6.1454e-05
6.2521e-05
5.372e-05
5.4822e-05
7.1269e-05
6.0808e-05
5.8241e-05
5.3222e-05
5.354e-05
6.412e-05
6.272e-05
9.3713e-05
6.2442e-05
6.2635e-05
6.4604e-05
5.7545e-05
5.2463e-05
6.5843e-05
6.442e-05
0.000114107
6.0272e-05
6.3718e-05
5.8397e-05
6.4688e-05
6.0773e-05
6.2362e-05
0.000111942
0.000123846
0.000107437
6.7605e-05
0.000105673
0.000120172
0.000131256
0.000134677
9.9016e-05
6.5167e-05
6.6411e-05
7.1197e-05
6.3787e-05
5.6735e-05
6.4721e-05
0.000127475
0.000146618
7.4545e-05
7.176e-05
6.6394e-05
7.5685e-05
7.6593e-05
7.9244e-05
9.5339e-05
0.000151138
6.6482e-05
6.3677e-05
6.16e-05
0.000108251
7.6821e-05
0.000125211
7.7353e-05
6.4857e-05
5.2533e-05
4.796e-05
6.8451e-05
5.9413e-05
0.000110863
0.000121877
5.9596e-05
5.7833e-05
9.4962e-05
6.3891e-05
4.6711e-05
5.1129e-05
5.8247e-05
6.0479e-05
5.8828e-05
5.195e-05
4.714e-05
8.0334e-05
7.5798e-05
3.8993e-05
8.395e-05
9.1733e-05
4.23e-05
7.1254e-05
7.7346e-05
4.3079e-05
6.2237e-05
4.6781e-05
6.8024e-05
5.4998e-05
9.7591e-05
3.8945e-05
3.7528e-05
3.9387e-05
4.1038e-05
3.9626e-05
3.3751e-05
3.1386e-05
5.1428e-05
5.0712e-05
5.3586e-05
2.7584e-05
1.4065e-05
1.8321e-05
2.3531e-05
3.0582e-05
4.8495e-05
2.6082e-05
2.4667e-05
2.925e-05
4.2542e-05
3.9023e-05
4.3112e-05
4.9646e-05
4.2268e-05
5.4055e-05
4.3837e-05
4.2555e-05
3.8842e-05
3.7341e-05
4.426e-05
4.2456e-05
4.5874e-05
3.819e-05
5.4047e-05
7.28e-05
3.7771e-05
3.6774e-05
6.7584e-05
3.38e-05
2.5373e-05
2.7904e-05
5.011e-05
5.6445e-05
5.8658e-05
2.7756e-05
3.0479e-05
5.189e-05
2.4074e-05
3.195e-05
4.0665e-05
5.6651e-05
3.1002e-05
3.7727e-05
4.2916e-05
6.0929e-05
3.1129e-05
3.4931e-05
7.6366e-05
4.1243e-05
3.9326e-05
5.4622e-05
3.762e-05
3.7619e-05
6.7724e-05
3.7973e-05
3.9202e-05
4.126e-05
4.0615e-05
3.7484e-05
3.9585e-05
4.6816e-05
4.0897e-05
3.3699e-05
3.2607e-05
3.3128e-05
4.2192e-05
3.3131e-05
3.9701e-05
4.2644e-05
6.0571e-05
3.3513e-05
3.6709e-05
4.4418e-05
4.1308e-05
3.4342e-05
5.697e-05
6.7926e-05
4.204e-05
3.3772e-05
3.5811e-05
3.5615e-05
2.8819e-05
3.5423e-05
3.5575e-05
3.7321e-05
3.1606e-05
3.2284e-05
3.3039e-05
3.1492e-05
3.5083e-05
3.4675e-05
3.0401e-05
3.0516e-05
3.4076e-05
3.3379e-05
4.0841e-05
4.0065e-05
3.622e-05
4.4761e-05
2.946e-06
3.2585e-05
3.1298e-05
3.3423e-05
3.6475e-05
3.7321e-05
3.431e-05
3.2914e-05
3.6127e-05
3.4941e-05
3.2676e-05
3.3268e-05
3.2729e-05
3.6768e-05
3.4754e-05
2.545e-06
2.9594e-05
3.748e-05
3.8548e-05
4.0432e-05
3.4442e-05
3.5665e-05
4.0278e-05
3.7509e-05
3.8282e-05
3.2207e-05
6.5503e-05
3.345e-05
6.5442e-05
6.6094e-05
6.4163e-05
3.9603e-05
6.5277e-05
4.4631e-05
2.717e-06
3.7966e-05
3.7069e-05
4.1714e-05
3.5138e-05
4.1866e-05
3.9844e-05
5.0051e-05
4.0692e-05
3.8521e-05
3.8578e-05
4.3442e-05
7.404e-05
4.0298e-05
3.9221e-05
5.0094e-05
4.0673e-05
3.1242e-05
4.186e-05
3.9706e-05
3.7699e-05
4.479e-05
5.2451e-05
7.0939e-05
4.4724e-05
9.1863e-05
4.1281e-05
0.000112162
4.1914e-05
4.0489e-05
4.1055e-05
8.0974e-05
4.2698e-05
4.4167e-05
7.4285e-05
4.2914e-05
7.646e-05
4.7825e-05
7.9658e-05
7.4874e-05
4.6674e-05
3.9589e-05
4.4323e-05
7.792e-05
6.7368e-05
8.3737e-05
4.5617e-05
3.9736e-05
4.127e-05
4.5653e-05
7.0113e-05
7.6186e-05
7.7387e-05
4.4047e-05
4.2903e-05
4.0603e-05
6.4335e-05
5.2211e-05
4.8233e-05
4.4842e-05
9.1069e-05
4.7919e-05
4.557e-05
3.085e-06
4.3633e-05
5.6967e-05
2.425e-06
4.7733e-05
4.7629e-05
7.985e-05
4.865e-05
4.3327e-05
4.2833e-05
6.2293e-05
6.3348e-05
8.2401e-05
5.2003e-05
5.2747e-05
4.6088e-05
4.9164e-05
4.5434e-05
8.0439e-05
4.9099e-05
4.6428e-05
4.0343e-05
5.3107e-05
8.2311e-05
9.1832e-05
7.7459e-05
4.8922e-05
8.582e-05
5.0005e-05
5.1476e-05
5.2195e-05
5.3914e-05
9.9439e-05
9.2579e-05
5.3306e-05
9.688e-05
4.6495e-05
7.1107e-05
8.0698e-05
4.7196e-05
5.6809e-05
5.2156e-05
5.45e-05
4.8794e-05
4.9388e-05
4.9885e-05
4.9733e-05
4.2869e-05
5.4647e-05
4.8508e-05
4.9817e-05
4.5828e-05
5.0208e-05
4.7885e-05
4.9194e-05
2.628e-06
5.1757e-05
6.381e-05
5.228e-05
5.4859e-05
5.9213e-05
5.7417e-05
5.9735e-05
5.1484e-05
2.718e-06
5.3288e-05
5.7089e-05
5.4527e-05
6.59e-05
6.4074e-05
5.7616e-05
6.0282e-05
5.4882e-05
6.2043e-05
7.8498e-05
5.8678e-05
6.4748e-05
6.3555e-05
5.8736e-05
5.9758e-05
5.9129e-05
6.2583e-05
6.0533e-05
6.4692e-05
9.4926e-05
5.9041e-05
5.8702e-05
5.8524e-05
9.8108e-05
6.1711e-05
6.4019e-05
6.997e-05
7.8552e-05
6.1394e-05
6.1478e-05
5.4631e-05
0.000100395
6.4323e-05
6.3186e-05
6.8151e-05
6.8362e-05
0.000105677
7.2364e-05
6.9743e-05
6.3804e-05
0.000108563
0.000104155
6.6695e-05
6.7056e-05
6.7383e-05
7.6684e-05
7.3561e-05
6.9995e-05
7.125e-05
6.2622e-05
6.7718e-05
0.0001153
6.6234e-05
6.7055e-05
6.542e-05
6.6817e-05
6.5696e-05
6.1707e-05
7.6936e-05
0.000114966
0.000123727
6.9526e-05
7.6277e-05
0.000122834
0.000139072
0.00011697
6.8238e-05
6.0954e-05
6.4879e-05
6.6638e-05
6.0037e-05
6.3147e-05
5.7192e-05
6.3015e-05
5.6979e-05
0.00010792
6.0187e-05
5.8309e-05
5.4267e-05
5.5798e-05
5.8732e-05
6.1946e-05
3.866e-06
0.000100421
0.000103148
5.4238e-05
3.947e-06
0.000112215
9.853e-05
7.1189e-05
6.3414e-05
6.492e-05
0.000111001
6.3576e-05
5.4283e-05
5.7216e-05
0.000108815
9.7718e-05
0.000105627
5.3388e-05
6.1446e-05
5.8093e-05
5.6966e-05
0.00010728
7.2705e-05
0.000101232
0.000101611
6.7379e-05
6.6845e-05
6.513e-05
6.7854e-05
6.1697e-05
0.000117354
0.000107865
7.4682e-05
6.6565e-05
5.5224e-05
5.7809e-05
6.1259e-05
9.2375e-05
7.4737e-05
5.4742e-05
5.8481e-05
5.6289e-05
7.1936e-05
6.5058e-05
6.2219e-05
6.3543e-05
5.425e-05
4.9639e-05
4.7864e-05
5.4227e-05
5.4157e-05
5.657e-05
5.3959e-05
6.3153e-05
6.7083e-05
6.19e-05
5.0486e-05
5.2962e-05
6.0797e-05
9.3975e-05
0.000106455
8.5679e-05
4.9173e-05
8.0975e-05
6.3794e-05
2.49e-06
0.000108191
9.0689e-05
5.2034e-05
8.4107e-05
3.628e-06
8.0169e-05
4.8592e-05
5.8597e-05
5.3175e-05
4.8539e-05
3.7183e-05
4.091e-05
4.5386e-05
8.9455e-05
2.842e-06
5.3313e-05
7.711e-05
7.706e-05
0.00010498
2.937e-06
5.0449e-05
4.5907e-05
3.7258e-05
5.6654e-05
2.604e-06
5.4147e-05
6.4713e-05
6.5303e-05
6.469e-05
6.6377e-05
6.3851e-05
6.2441e-05
0.00013917
6.38e-05
0.00011087
9.6271e-05
5.4675e-05
5.7809e-05
6.0402e-05
6.502e-05
6.0373e-05
6.3839e-05
4.9638e-05
4.3175e-05
4.1585e-05
9.3803e-05
9.139e-05
8.4883e-05
4.8661e-05
4.2627e-05
5.7912e-05
5.9576e-05
4.1055e-05
4.6444e-05
4.0727e-05
5.5935e-05
6.1873e-05
3.4642e-05
3.156e-05
3.4063e-05
4.0945e-05
3.9027e-05
4.9169e-05
2.453e-06
4.3531e-05
3.8672e-05
4.2073e-05
6.7614e-05
5.3058e-05
3.9519e-05
2.395e-06
6.3969e-05
5.8723e-05
3.1443e-05
3.605e-06
2.8827e-05
3.4269e-05
4.3436e-05
5.7596e-05
5.8004e-05
6.0906e-05
5.3767e-05
5.0047e-05
3.9673e-05
4.1693e-05
7.5527e-05
5.3672e-05
3.9232e-05
2.479e-06
3.2069e-05
3.8444e-05
2.684e-06
4.6977e-05
5.1851e-05
6.1266e-05
5.4603e-05
5.1556e-05
6.1065e-05
4.2513e-05
4.4537e-05
4.6109e-05
5.0182e-05
4.6871e-05
4.9689e-05
6.0745e-05
8.8743e-05
6.1186e-05
6.5395e-05
7.0459e-05
6.5329e-05
0.000136694
5.9636e-05
0.000124159
6.7829e-05
5.9138e-05
5.8064e-05
6.6274e-05
6.3979e-05
5.966e-05
0.00010278
6.7134e-05
7.5168e-05
6.0435e-05
5.779e-05
5.36e-05
5.16e-05
5.6939e-05
6.2953e-05
8.9086e-05
7.3841e-05
4.1929e-05
3.8918e-05
4.1382e-05
4.984e-05
4.6052e-05
4.118e-05
4.8231e-05
4.6406e-05
4.3171e-05
4.3467e-05
4.7771e-05
3.1173e-05
3.4824e-05
5.5398e-05
3.599e-05
3.1596e-05
3.6387e-05
6.5558e-05
3.4203e-05
3.1338e-05
3.4139e-05
3.0464e-05
5.9707e-05
3.2988e-05
2.4456e-05
2.4211e-05
3.3858e-05
3.8639e-05
3.7548e-05
3.5515e-05
1.9328e-05
2.3491e-05
2.3644e-05
2.3152e-05
4.2448e-05
1.8925e-05
3.2427e-05
1.9022e-05
1.4869e-05
1.5714e-05
1.5842e-05
1.6635e-05
1.529e-05
2.9389e-05
2.505e-05
1.3378e-05
1.9131e-05
2.9114e-05
3.2123e-05
1.532e-05
1.2173e-05
1.6052e-05
1.3956e-05
2.0687e-05
1.8204e-05
3.6779e-05
2.2983e-05
1.6889e-05
2.058e-06
1.0441e-05
1.074e-05
2.117e-06
6.853e-06
1.3533e-05
2.521e-06
8.929e-06
1.5716e-05
1.6396e-05
1.2202e-05
1.092e-05
2.1325e-05
1.3864e-05
9.505e-06
1.4854e-05
1.0384e-05
1.5785e-05
1.7612e-05
1.7034e-05
1.5188e-05
1.8097e-05
2.55e-06
1.1048e-05
1.5424e-05
2.1368e-05
2.196e-06
6.92e-06
1.2195e-05
2.516e-06
1.3418e-05
1.879e-06
1.9863e-05
1.515e-05
2.051e-05
1.5999e-05
1.5052e-05
1.5735e-05
1.9028e-05
1.5029e-05
1.828e-06
1.1441e-05
1.8715e-05
1.9889e-05
1.8421e-05
1.7278e-05
2.1658e-05
1.4603e-05
2.2365e-05
2.135e-05
2.1793e-05
2.1826e-05
1.9551e-05
1.7332e-05
2.1503e-05
2.0413e-05
3.764e-05
2.1596e-05
3.6464e-05
3.3378e-05
2.4623e-05
1.6359e-05
1.9913e-05
2.1619e-05
1.6389e-05
2.3058e-05
1.3792e-05
1.7257e-05
2.2474e-05
1.808e-05
2.3162e-05
2.1505e-05
1.867e-05
1.7603e-05
1.9744e-05
1.9543e-05
1.826e-05
2.7911e-05
2.0575e-05
1.6194e-05
1.6827e-05
1.9693e-05
1.5742e-05
2.6634e-05
1.7945e-05
1.6034e-05
1.5522e-05
1.3465e-05
1.5351e-05
9.359e-06
1.5601e-05
1.5098e-05
2.3718e-05
1.5607e-05
2.787e-05
1.9071e-05
1.7459e-05
2.4079e-05
2.6133e-05
3.4688e-05
2.2046e-05
3.735e-05
2.252e-05
2.6323e-05
2.266e-05
3.0194e-05
2.7669e-05
3.9815e-05
3.2252e-05
2.9842e-05
3.4911e-05
2.0394e-05
2.4814e-05
3.1991e-05
1.8799e-05
1.9309e-05
2.1541e-05
2.1314e-05
2.0204e-05
3.2347e-05
2.4043e-05
2.1406e-05
3.9912e-05
2.9034e-05
2.4892e-05
2.1774e-05
4.3541e-05
3.1078e-05
4.7777e-05
2.2594e-05
4.1813e-05
2.8454e-05
2.7054e-05
2.7372e-05
2.5105e-05
2.7622e-05
2.6878e-05
2.5121e-05
2.8723e-05
3.9582e-05
4.8025e-05
4.5145e-05
4.1984e-05
3.0101e-05
2.549e-05
2.306e-05
2.6738e-05
2.3733e-05
2.9906e-05
2.4694e-05
3.043e-05
2.603e-05
2.3808e-05
2.6227e-05
3.439e-05
2.4143e-05
2.9215e-05
2.832e-05
2.6678e-05
7.6254e-05
2.3717e-05
2.728e-05
2.9343e-05
2.8546e-05
2.6712e-05
2.9009e-05
3.1583e-05
3.031e-05
4.9994e-05
3.0806e-05
2.8776e-05
2.6956e-05
2.4986e-05
2.9951e-05
2.3662e-05
2.6155e-05
2.8504e-05
2.7555e-05
2.6729e-05
6.0274e-05
5.371e-05
3.4183e-05
2.9546e-05
5.9986e-05
4.6255e-05
3.4781e-05
4.8187e-05
3.4151e-05
2.9225e-05
3.0235e-05
3.0877e-05
3.9143e-05
2.4088e-05
2.8297e-05
4.4854e-05
2.5566e-05
3.2448e-05
2.6092e-05
3.2054e-05
3.4677e-05
3.1159e-05
3.06e-05
2.7404e-05
3.0327e-05
3.4654e-05
3.6318e-05
2.9373e-05
3.0367e-05
3.5257e-05
2.8993e-05
3.1814e-05
5.1028e-05
3.1218e-05
3.1934e-05
3.1528e-05
2.7095e-05
3.0744e-05
2.3541e-05
3.3174e-05
2.4401e-05
2.3909e-05
2.6446e-05
2.9804e-05
2.4522e-05
3.0085e-05
3.0621e-05
3.0232e-05
5.882e-05
2.82e-05
3.448e-05
5.6456e-05
2.927e-05
4.3234e-05
3.6745e-05
3.0193e-05
3.1051e-05
5.4088e-05
5.3943e-05
3.2369e-05
3.4202e-05
2.9727e-05
2.9005e-05
2.9118e-05
2.4104e-05
2.4768e-05
2.727e-05
2.7823e-05
3.1841e-05
5.1203e-05
3.3659e-05
3.0983e-05
5.3993e-05
3.8306e-05
6.6655e-05
6.1321e-05
6.1022e-05
6.0349e-05
3.5474e-05
3.5134e-05
4.6262e-05
2.921e-05
3.472e-05
3.1914e-05
4.2609e-05
5.9367e-05
5.9109e-05
3.7999e-05
3.4456e-05
6.6767e-05
3.0337e-05
3.5918e-05
4.0886e-05
4.8951e-05
3.3501e-05
3.5436e-05
3.3248e-05
5.975e-05
3.1837e-05
3.3382e-05
3.2723e-05
2.7659e-05
6.3014e-05
5.7159e-05
2.9271e-05
3.6003e-05
3.1495e-05
3.8804e-05
5.009e-05
3.4662e-05
3.3579e-05
3.528e-05
6.1694e-05
5.462e-05
3.2912e-05
3.1299e-05
5.311e-05
3.3195e-05
4.1776e-05
5.0724e-05
3.0291e-05
3.3406e-05
3.0882e-05
3.4076e-05
6.4244e-05
6.4801e-05
3.5948e-05
6.44e-05
5.3469e-05
5.5729e-05
5.3967e-05
6.7477e-05
3.3622e-05
2.9849e-05
2.7838e-05
3.5091e-05
3.1949e-05
3.3772e-05
3.0438e-05
3.1352e-05
2.849e-05
2.702e-05
3.2534e-05
2.7431e-05
2.9204e-05
3.1364e-05
3.5943e-05
2.7805e-05
4.4654e-05
3.6121e-05
3.1944e-05
3.2685e-05
3.4914e-05
3.9349e-05
3.2994e-05
3.227e-05
3.1992e-05
5.0367e-05
3.1334e-05
2.8587e-05
2.996e-05
6.6562e-05
4.9448e-05
3.3225e-05
3.1987e-05
3.1941e-05
4.2284e-05
2.8135e-05
5.0375e-05
2.9485e-05
2.6682e-05
3.4201e-05
5.4084e-05
2.8087e-05
2.8225e-05
3.6969e-05
4.6091e-05
3.4702e-05
5.1082e-05
6.0544e-05
3.8862e-05
3.3567e-05
3.5159e-05
4.1097e-05
3.7742e-05
6.3148e-05
3.6053e-05
3.6589e-05
2.9165e-05
4.473e-05
0.000118782
4.8557e-05
3.1787e-05
3.4141e-05
5.6663e-05
4.1523e-05
4.8411e-05
5.9609e-05
6.0865e-05
5.7441e-05
4.768e-05
2.6679e-05
3.1539e-05
3.1723e-05
2.837e-05
4.061e-05
3.0328e-05
3.2215e-05
2.9908e-05
4.8588e-05
3.0358e-05
3.0846e-05
2.9974e-05
6.1081e-05
3.3327e-05
3.7081e-05
2.9183e-05
3.8724e-05
2.9476e-05
3.3561e-05
4.5982e-05
3.4039e-05
3.2893e-05
4.0468e-05
3.2268e-05
3.2179e-05
3.4376e-05
3.3492e-05
3.5942e-05
3.524e-05
3.5337e-05
3.9978e-05
3.9479e-05
4.1061e-05
3.3986e-05
3.3881e-05
7.1543e-05
5.0398e-05
3.2375e-05
3.6038e-05
3.7854e-05
3.9536e-05
3.7347e-05
3.6948e-05
3.1818e-05
3.3068e-05
3.424e-05
5.3921e-05
5.0732e-05
5.5185e-05
6.0592e-05
4.2684e-05
3.2388e-05
3.1288e-05
3.4419e-05
3.3189e-05
3.4445e-05
5.9762e-05
6.4225e-05
3.4032e-05
5.5732e-05
6.224e-05
5.8673e-05
5.7194e-05
8.6575e-05
3.336e-05
5.2797e-05
5.5821e-05
5.2774e-05
2.918e-05
3.2811e-05
3.8003e-05
4.5371e-05
3.9015e-05
3.4463e-05
3.311e-05
3.2352e-05
3.235e-05
6.3593e-05
5.6622e-05
4.8703e-05
7.1133e-05
3.2953e-05
4.0465e-05
3.851e-05
3.5179e-05
4.0712e-05
3.3227e-05
3.9871e-05
3.263e-05
3.3584e-05
6.0147e-05
4.3138e-05
3.4851e-05
3.3884e-05
3.4072e-05
3.4005e-05
3.3735e-05
4.0596e-05
3.5965e-05
3.5052e-05
3.5091e-05
3.3525e-05
4.8583e-05
3.5196e-05
3.5044e-05
6.3806e-05
6.4301e-05
7.6746e-05
3.7778e-05
3.5194e-05
4.2083e-05
4.6217e-05
4.9245e-05
6.5478e-05
4.3783e-05
4.2313e-05
3.3659e-05
5.1671e-05
3.9944e-05
8.3775e-05
7.4547e-05
4.6012e-05
3.3371e-05
3.4654e-05
3.5052e-05
3.3946e-05
3.7655e-05
3.4382e-05
3.6296e-05
3.7073e-05
3.7968e-05
6.608e-05
4.1586e-05
6.5979e-05
4.5705e-05
4.1844e-05
4.2331e-05
3.793e-05
3.2146e-05
5.6834e-05
4.1032e-05
3.6883e-05
4.6987e-05
5.0523e-05
3.5214e-05
3.8733e-05
3.9087e-05
3.8573e-05
4.1542e-05
7.0248e-05
3.4734e-05
5.0701e-05
3.4688e-05
7.3651e-05
6.6103e-05
6.9515e-05
7.1084e-05
4.597e-05
3.4364e-05
3.6771e-05
4.8152e-05
6.7697e-05
4.3207e-05
7.105e-05
3.3879e-05
6.8113e-05
5.5019e-05
6.1559e-05
3.7151e-05
3.8127e-05
3.6621e-05
4.7272e-05
3.5115e-05
5.7839e-05
4.0303e-05
6.5788e-05
3.8124e-05
6.4471e-05
6.8367e-05
3.5227e-05
3.4817e-05
6.2818e-05
6.3767e-05
3.9741e-05
5.9166e-05
4.9368e-05
3.6664e-05
3.7189e-05
6.2117e-05
5.7838e-05
3.0089e-05
6.1554e-05
3.163e-05
3.7395e-05
3.2921e-05
3.4481e-05
3.1609e-05
5.0245e-05
3.6642e-05
6.4355e-05
5.9436e-05
3.4522e-05
5.6074e-05
5.4084e-05
2.9823e-05
6.5248e-05
5.9891e-05
6.4256e-05
3.2818e-05
2.8567e-05
6.1854e-05
3.503e-05
3.5148e-05
3.4914e-05
3.56e-05
5.8611e-05
5.3795e-05
5.7886e-05
4.4665e-05
7.7459e-05
3.6254e-05
3.3343e-05
4.9926e-05
2.8546e-05
3.481e-05
3.2116e-05
3.7238e-05
3.5575e-05
3.2019e-05
2.7066e-05
2.6859e-05
4.4204e-05
2.9364e-05
3.2748e-05
5.4408e-05
3.1073e-05
3.5663e-05
3.3101e-05
2.74e-05
3.4392e-05
3.9994e-05
5.053e-05
5.1437e-05
5.7311e-05
2.4913e-05
4.3923e-05
3.249e-05
2.7612e-05
3.0336e-05
2.814e-05
5.0166e-05
2.6273e-05
3.462e-05
2.7821e-05
4.1391e-05
5.0912e-05
5.1535e-05
3.0517e-05
4.4171e-05
2.9687e-05
2.9077e-05
3.2149e-05
3.3169e-05
2.789e-05
4.9321e-05
2.5231e-05
3.5004e-05
6.1777e-05
3.142e-05
2.7106e-05
4.9297e-05
7.5091e-05
3.364e-05
3.8553e-05
2.5809e-05
2.6906e-05
2.7338e-05
2.2714e-05
2.6109e-05
5.3818e-05
2.7018e-05
2.825e-05
2.531e-05
5.2054e-05
2.9384e-05
3.2366e-05
2.8426e-05
3.35e-05
2.73e-05
6.5678e-05
2.8076e-05
3.0071e-05
2.7652e-05
3.8604e-05
2.7754e-05
2.7179e-05
2.4861e-05
5.255e-05
3.2043e-05
2.9696e-05
5.2221e-05
4.5444e-05
4.9913e-05
6.7658e-05
3.1989e-05
4.8122e-05
4.5758e-05
3.1916e-05
