5.3839e-05
9.0433e-05
7.5452e-05
3.902e-05
6.6077e-05
4.526e-05
5.2063e-05
6.1579e-05
7.4735e-05
6.7845e-05
0.000102114
9.5897e-05
0.000165561
0.000139354
0.000118307
0.000173834
0.000137142
0.000156904
0.000248216
0.000203708
0.000331782
0.000216052
0.000383935
0.000211813
0.000277768
0.000379879
0.000255031
0.000269081
0.000257132
0.000404313
0.000436449
0.000435707
0.00025863
0.00031768
0.000403141
0.000239568
0.000236764
0.000235555
0.000431903
0.000429302
0.000250322
0.000241171
0.000290965
0.000197907
0.000200061
0.000191723
0.000208166
0.000320554
0.000193917
0.000217628
0.000201122
0.000367632
0.000262764
0.000263158
0.000272467
0.000265206
0.000288528
0.000286545
0.000307456
0.000385711
0.00033169
0.000329212
0.000355739
0.000278483
0.000287241
0.00027796
0.000328323
0.000307887
0.000289767
0.000271243
0.000244621
0.000249952
0.000257864
0.000252464
0.000358741
0.000234917
0.00027994
0.000236239
0.000169347
0.000259334
0.000182683
0.000130554
0.000134506
0.000132637
0.000125838
0.000135612
0.000207487
0.000193942
0.000185763
0.000207957
0.000181118
0.00012071
0.000177663
0.000129788
0.000152672
0.000212956
0.000200663
0.000151087
0.000126761
0.000151807
0.000124261
0.000135849
0.000143642
0.000139844
0.000135466
0.000134401
0.000191961
0.000195122
0.000146703
0.000118696
0.000175148
0.000177783
0.000203409
0.000134102
0.000180431
0.000191802
0.00011191
0.000184769
0.000111729
0.000117845
0.000108573
0.000122987
0.000201317
0.000131331
0.000179992
0.000110508
0.000112417
0.000117817
0.000139617
0.000173111
0.000177006
0.000180297
0.000193157
0.000155844
0.00011714
0.00011845
0.000186477
0.000105105
0.000135264
0.000183493
0.000105722
0.000193878
0.000140078
0.000108003
0.000119632
0.000125959
0.000112586
0.000138906
0.000222269
0.00012132
0.000128898
0.000127143
0.000127873
0.000123058
0.000118323
0.000146275
0.000121721
0.00011763
0.000149874
0.000159176
0.000171705
0.000271981
0.000139691
0.000151649
0.000186145
0.000248115
0.000243043
0.000188956
0.000181561
0.000152205
0.000245547
0.000161737
0.000251096
0.000161952
0.000145279
0.000146335
0.000151273
0.000239452
0.000201844
0.000153509
0.000166263
0.000238741
0.000178476
0.000165533
0.000289523
0.000182391
0.000268554
0.000212854
0.000334419
0.000271448
0.000175972
0.000312997
0.00018954
0.000239904
0.000357932
0.00028286
0.000397842
0.000216537
0.000220813
0.00023596
0.000300831
0.000363497
0.000266368
0.000265454
0.000281888
0.000488862
0.000263755
0.000475386
0.000338232
0.000367285
0.000446207
0.000317578
0.000345927
0.00034298
0.000434242
0.000345388
0.000380691
0.000399209
0.000368247
0.00036794
0.000527971
0.000550785
0.000733591
0.000489022
0.000560405
0.000728942
0.000367356
0.000377066
0.000488245
0.000487425
0.000410225
0.000651967
0.000563229
0.000455722
0.000395036
0.0003994
0.000400072
0.000471687
0.000424299
0.000445263
0.000826613
0.000459531
0.000695491
0.000397744
0.000433527
0.000467201
0.000480491
0.000679109
0.000616194
0.000729283
0.000426272
0.000419328
0.00063157
0.000451036
0.000417535
0.000414205
0.000398952
0.000631561
0.000425578
0.00047301
0.000435864
0.000797482
0.000693419
0.000483997
0.00074728
0.000455965
0.000393873
0.000416089
0.00042318
0.000468144
0.000424235
0.000379343
0.000418658
0.000475971
0.000427083
0.000416926
0.00047041
0.000389711
0.000401396
0.000440381
0.000733954
0.000642238
0.000400834
0.000460984
0.000387941
0.000389347
0.000612779
0.000594399
0.000350567
0.000428861
0.000366798
0.000316401
0.000429719
0.000341772
0.000369513
0.000361632
0.000379967
0.000348603
0.000337988
0.000318863
0.00057019
0.000326609
0.000380247
0.000362644
0.000683543
0.000435532
0.000368339
0.000379737
0.000461224
0.000546104
0.000392271
0.000395871
0.0003251
0.000366167
0.00040833
0.000383174
0.000408117
0.000485484
0.000384568
0.000428411
0.000410261
0.000634661
0.000589829
0.000406335
0.000416399
0.000750133
0.000891849
0.000688757
0.000708338
0.000640356
0.000681527
0.000433388
0.000385507
0.00040299
0.000444884
0.000701196
0.000803003
0.00079107
0.000436653
0.000560468
0.000623089
0.000547332
0.000858054
0.000732745
0.000750924
0.000473217
0.00069846
0.000905323
0.000487775
0.000572497
0.000486444
0.000499403
0.0007081
0.000758853
0.000829597
0.000872108
0.000798902
0.000472841
0.000868691
0.000479425
0.000558926
0.000719507
0.00054412
0.000481802
0.00089435
0.000553976
0.000458843
0.000485166
0.000454895
0.000460688
0.000451967
0.00074055
0.000450541
0.000471799
0.000464336
0.000773776
0.000774254
0.000492644
0.000467182
0.000461666
0.000404548
0.000471783
0.000497355
0.000800113
0.000826879
0.000886843
0.000783391
0.000480755
0.000811369
0.000526735
0.000505567
0.000582209
0.000512437
0.00084088
0.00088323
0.00046246
0.000485739
0.00052087
0.00052548
0.000493527
0.00080812
0.000481357
0.000591421
0.000464456
0.000547306
0.000491708
0.000533993
0.000494004
0.000759467
0.000778233
0.000427461
0.000419205
0.000748611
0.000385036
0.000389573
0.000391459
0.000427201
0.000373765
0.000376925
0.000609244
0.000676451
0.000489517
0.000400917
0.000381482
0.000685991
0.000552982
0.000636524
0.000561087
0.000460943
0.000504555
0.00040039
0.000377451
0.000480466
0.000459472
0.000351594
0.000375868
0.000488574
0.000361422
0.000337026
0.000375752
0.000311238
0.000549824
0.000361798
0.000518099
0.000476372
0.000524642
0.00026415
0.00033858
0.000294193
0.000340754
0.000256446
0.000275253
0.000259491
0.000248992
0.000255016
0.000262654
0.000240412
0.000283092
0.000235142
0.000238203
0.000407093
0.000236168
0.000255526
0.000279867
0.000247824
0.000199946
0.000201824
0.000195008
0.000187389
0.000180019
0.000186054
0.000205333
0.0002032
0.000172624
0.000311042
0.00018752
0.000280178
0.000281972
0.000189915
0.000164229
0.000170312
0.000324245
0.00028393
0.000294468
0.000194222
0.000173889
0.000162792
0.000169659
0.000175919
0.000150954
0.000147145
0.00016094
0.000153395
0.00015669
0.000153404
0.000170362
0.000137987
0.00019014
0.000189589
0.000139961
0.000108548
0.000134636
9.9538e-05
0.000105231
0.000109016
9.2428e-05
0.000155232
9.7701e-05
8.5294e-05
9.3408e-05
8.5384e-05
9.1686e-05
9.0493e-05
9.0739e-05
8.799e-05
8.3174e-05
8.1687e-05
8.1091e-05
8.9765e-05
0.000136575
0.000147984
0.000105469
9.8486e-05
9.2132e-05
0.000102861
9.8699e-05
0.0001735
0.000164684
0.000157982
0.000102972
9.5885e-05
9.6513e-05
0.000108529
0.000100173
0.000107235
0.000113093
0.000110623
8.9733e-05
0.000133799
0.000101566
9.9731e-05
0.000149551
0.000110295
0.000108243
9.1153e-05
9.763e-05
0.000107836
0.000109792
9.8821e-05
7.9977e-05
8.6109e-05
8.1667e-05
8.402e-05
7.4225e-05
9.0506e-05
7.7192e-05
0.00013291
7.1344e-05
7.6958e-05
0.000144094
8.1679e-05
0.000125834
9.6062e-05
8.717e-05
7.6778e-05
7.1428e-05
6.5715e-05
6.546e-05
0.000116723
7.1771e-05
9.9841e-05
0.000119287
6.9717e-05
0.000113462
7.6908e-05
7.6511e-05
9.2945e-05
8.3117e-05
7.7884e-05
8.6765e-05
0.00011406
8.7273e-05
8.7794e-05
9.3104e-05
9.1877e-05
0.000174131
0.000169734
0.000151469
0.000174799
0.000118516
0.000104835
0.000105591
0.000171306
0.000110393
0.000131999
0.000122802
0.000133278
0.00010782
0.000118903
0.000109247
0.000118517
0.000116857
0.00012265
0.000106092
0.00010943
0.000128634
0.0001562
0.000126039
0.000199356
0.000201953
0.00017094
0.000186267
0.000107619
0.000123699
0.000114023
0.000120968
0.000142479
0.000121474
0.000153721
0.000134006
0.000135612
0.00021674
0.000144166
0.000215824
0.000248479
0.000275734
0.000287848
0.000189633
0.000362399
0.000290602
0.000348463
0.000356433
0.000282559
0.000240189
0.000247668
0.00023145
0.000254277
0.000244013
0.000307407
0.000263514
0.000331029
0.000287345
0.000313096
0.000476425
0.00039092
0.000325782
0.000474261
0.000322179
0.00039509
0.000506413
0.000452364
0.000308509
0.00049319
0.000286675
0.000429372
0.000259455
0.00026926
0.000263615
0.000263437
0.000255906
0.000248091
0.000250224
0.000428353
0.000400676
0.000273608
0.000267492
0.000300502
0.000295508
0.000287111
0.000259452
0.000264914
0.000294138
0.000279745
0.000296455
0.000482201
0.000287885
0.000483836
0.000280029
0.000457119
0.000308897
0.000316499
0.000301536
0.000331388
0.000303124
0.000311731
0.000386952
0.00039866
0.0003174
0.000393181
0.000329828
0.000585633
0.000648818
0.000373612
0.000384708
0.000638624
0.000592023
0.000352427
0.00038639
0.000359548
0.000376481
0.000578635
0.000397637
0.000447232
0.000437978
0.000374995
0.00047402
0.000723423
0.000701183
0.000425457
0.000402724
0.000461194
0.000397951
0.000787588
0.000392887
0.000682425
0.000458768
0.000357633
0.000558376
0.00039376
0.000661351
0.000427549
0.000384777
0.000369277
0.00038929
0.000358604
0.000586016
0.000331423
0.000353755
0.000345973
0.00030744
0.000370521
0.000360511
0.00037405
0.00035237
0.000312909
0.000360155
0.000448407
0.000476571
0.000463373
0.000303332
0.000615188
0.000517586
0.000422566
0.000323799
0.000304798
0.000279222
0.00031332
0.000568623
0.000451207
0.000276559
0.000288825
0.000262024
0.000251522
0.000302657
0.000263641
0.000247028
0.000238237
0.000366417
0.000378401
0.000346979
0.000364364
0.0003154
0.000290941
0.000320906
0.000343145
0.000219833
0.000199155
0.00031017
0.000174968
0.000287265
0.000266655
0.00013472
0.00016461
0.000191035
0.000162083
0.000162195
0.000134631
0.000140144
0.000238005
0.000127282
0.00022235
0.000129968
0.000106914
0.000174662
0.000107898
0.000100948
0.000101173
7.7994e-05
8.024e-05
7.9077e-05
9.7661e-05
7.7162e-05
7.8966e-05
8.2087e-05
9.7733e-05
7.7552e-05
0.000147764
0.000162942
0.000138165
9.6491e-05
0.000102864
0.000109982
0.000198806
0.000128339
0.000192776
0.000133501
0.000121959
0.000129459
0.000142663
0.000141227
0.000124476
0.000162481
0.000154003
0.000197729
0.000161605
0.000163987
0.000181332
0.00024683
0.0002931
0.000287015
0.000303523
0.0001749
0.00019148
0.000187687
0.000287587
0.000361341
0.000264183
0.000200373
0.000178575
0.000209143
0.000262908
0.000187474
0.000326788
0.000179888
0.000199278
0.000213984
0.000185754
0.000279105
0.000299101
0.000301608
0.000328132
0.000184041
0.000194488
0.000197742
0.000212486
0.000203035
0.000190976
0.000187201
0.000163629
0.000154972
0.000300855
0.000162524
0.000194798
0.000168007
0.000258297
0.000154151
0.000239362
0.000133891
0.000145011
0.000168895
0.000164466
0.000131042
0.000147327
0.000129449
0.000152171
0.000159107
0.00021952
0.000125296
0.000136683
0.000125865
0.000207307
0.000232312
0.000249115
0.00022311
0.000230498
0.000156334
0.000139679
0.000162102
0.000160618
0.000160645
0.000218521
0.00013265
0.000135659
0.000209331
0.000221729
0.000141763
0.000260111
0.000120202
0.000130236
0.000231676
0.000115457
0.000142857
0.000156138
0.000213433
0.000227584
0.000149325
0.000144607
0.000162333
0.000237329
0.000116057
0.000113754
0.000130816
0.000117476
0.000113544
0.000179542
9.9105e-05
0.000109201
0.000127304
0.000120461
0.000123248
0.000127261
0.000120323
0.000152361
0.000127747
0.000129198
0.000133609
0.000166577
0.000198006
0.000200624
0.000127176
0.000127625
0.000125986
0.000143949
0.000124308
0.000122462
0.000137266
0.000149267
0.000142417
0.000162257
0.000242758
0.00012739
0.000142662
0.000143525
0.000140896
0.000145484
0.000213157
0.000119939
0.000134976
0.000119936
0.000150048
0.000144198
0.00016786
0.000184584
0.000175242
0.000143794
0.000140428
0.000132148
0.000223285
0.000121388
0.000234491
0.000180911
0.000129264
0.000232246
0.0001373
0.000135303
0.000137112
0.000165759
0.000217999
0.000128702
0.000132329
0.000129973
0.000142173
0.000125713
0.000131987
0.000141388
0.000147766
0.000229602
0.000155164
0.000144143
0.000159937
0.000150797
0.00024014
0.000148454
0.000139123
0.000139785
0.00022384
0.000252648
0.000130725
0.000138363
0.000272069
0.000214555
0.00023731
0.000153518
0.000159179
0.00026751
0.000157115
0.000274149
0.000175298
0.000265869
0.00017027
0.000170561
0.000240917
0.000163454
0.000237853
0.000171191
0.000238647
0.00015522
0.000156532
0.000144902
0.000169915
0.000269567
0.000148636
0.000128089
0.000131228
0.000127321
0.000148685
0.000156006
0.000147251
0.000145644
0.000135105
0.000122545
0.000171127
0.000201565
0.000191111
0.000197456
0.000135953
0.000182517
0.00016044
0.000116426
0.000180901
0.0001759
0.000138686
0.00014238
0.000220405
0.000144369
0.000145802
0.000130547
0.000132357
0.000125359
0.000123281
0.000201742
0.000255258
0.000119761
0.000116813
0.000116234
0.000113949
0.000112505
0.000105652
0.000113767
0.000125227
9.7134e-05
0.000102469
0.000105826
0.000100151
9.9887e-05
0.00016434
0.00010509
9.4372e-05
0.00010932
0.00011534
0.000117989
0.000206608
0.000114015
0.000113076
0.000136568
0.000105106
0.000108721
0.000114131
0.000112556
0.000193948
0.000116024
0.000125315
0.000125982
0.000123235
0.0001244
0.000215265
0.000121826
0.00010513
0.000176892
0.000184008
0.000159259
0.000137832
0.00016471
0.000124016
0.000161438
8.9017e-05
0.000127249
0.000115941
0.000138953
0.000100396
0.000102674
9.8198e-05
9.3246e-05
8.0188e-05
0.000135987
8.8776e-05
8.8011e-05
8.305e-05
0.000132558
7.9634e-05
0.000127343
0.000123395
0.000123449
8.2332e-05
8.7225e-05
8.4279e-05
8.4612e-05
7.8003e-05
0.000140973
9.1185e-05
9.5139e-05
0.000129658
0.000128838
9.4176e-05
8.894e-05
0.000101481
8.8438e-05
0.000145305
9.4664e-05
8.9839e-05
0.00013104
0.000143495
0.000142541
8.8298e-05
0.000103959
0.000108628
8.5456e-05
0.000138774
0.000132099
8.407e-05
0.000162698
8.7905e-05
8.0814e-05
9.9312e-05
8.3402e-05
8.1356e-05
0.000127496
0.000111418
0.000125541
0.000119119
8.3546e-05
0.000111404
0.000135405
8.0449e-05
7.9777e-05
0.000136787
7.9775e-05
0.000111399
0.000140748
7.8103e-05
7.3778e-05
9.8145e-05
8.9354e-05
8.5828e-05
8.9287e-05
0.00011534
0.000106667
0.000108952
0.000110471
0.000110683
0.000107385
0.000102293
0.00010294
0.000110847
0.000109102
0.000135688
0.000107777
0.000174544
0.000165459
0.000107024
0.000114824
0.000129145
0.000122638
0.000145023
0.000138358
0.000207075
0.000110172
9.8462e-05
0.000188847
0.000105747
0.000111444
0.000100096
0.000101257
0.00015597
0.0001485
0.000151525
9.5587e-05
0.000155964
0.0001089
0.000101433
0.000193032
0.000111246
0.000126645
0.000112739
0.000157409
0.000152701
9.8294e-05
9.5245e-05
0.000113394
0.000111701
0.000108426
0.000106365
8.7599e-05
0.000151542
0.000108367
0.000106508
0.000150332
0.000168104
0.000116132
0.000108983
0.000160802
0.000165404
9.0937e-05
0.00015962
0.000143032
9.8988e-05
9.7546e-05
0.000112266
0.000103442
0.000160714
0.000103144
0.000209763
9.9006e-05
0.000102712
9.2605e-05
9.6974e-05
0.000164026
0.000107616
8.7195e-05
9.5446e-05
0.000115243
9.6964e-05
0.000102747
9.4419e-05
0.000123054
9.9098e-05
9.8306e-05
8.9812e-05
0.000167878
9.8479e-05
0.000152714
0.00016024
0.000101278
0.000149742
9.8219e-05
0.000167209
8.4612e-05
9.0668e-05
8.4478e-05
9.2542e-05
9.4444e-05
9.4675e-05
0.00015094
0.00013049
9.6506e-05
8.8069e-05
0.000131427
0.000141123
0.000150759
9.788e-05
0.000101094
8.9786e-05
0.000173429
8.6067e-05
9.4365e-05
9.5033e-05
0.000135525
0.000127671
0.000164014
0.000156455
0.000152107
0.000102925
9.49e-05
9.6701e-05
0.000101271
0.000107902
9.8615e-05
8.8363e-05
0.000128781
9.0157e-05
9.6147e-05
9.4917e-05
9.9726e-05
0.000105504
0.000101213
0.000146645
0.000136943
0.000115635
9.7265e-05
9.8087e-05
0.000102815
9.0286e-05
0.000114967
0.00010038
9.4877e-05
9.8896e-05
0.000114456
0.000175246
0.000175217
0.000103633
9.7783e-05
0.000129664
9.9762e-05
0.000102407
9.5578e-05
0.000138587
0.000142397
0.000108328
0.000132635
0.000161608
0.000143501
0.000145725
0.000154211
0.000165432
0.000102006
0.000110575
0.000115348
0.000106107
0.000111021
0.000102942
0.000174396
0.000113742
0.00017221
9.8794e-05
0.000114441
0.000137653
0.000107068
0.000100237
0.000114444
0.000141829
0.000141414
9.8689e-05
9.5198e-05
9.1658e-05
0.000117357
0.000136325
9.3421e-05
0.000109444
9.663e-05
9.7716e-05
8.2426e-05
0.000147613
0.000103831
9.0878e-05
8.9866e-05
0.000135292
8.6012e-05
7.394e-05
7.2324e-05
0.000118585
8.3682e-05
8.3674e-05
8.2479e-05
8.7451e-05
8.3973e-05
0.000141674
9.1558e-05
8.9092e-05
0.000179267
9.957e-05
9.2998e-05
0.000154639
9.3215e-05
0.000109645
0.000152662
0.000107108
0.000100369
0.000106644
0.000108919
0.00010232
9.8473e-05
0.000143905
0.00016445
0.000174209
0.000143349
0.000156568
0.000132259
0.00012087
0.000108647
9.9759e-05
9.5414e-05
0.000124683
0.00014948
8.8346e-05
8.7233e-05
8.6746e-05
8.4395e-05
0.000135439
8.7323e-05
9.0878e-05
9.5894e-05
9.5304e-05
8.5017e-05
8.2964e-05
9.1598e-05
8.6464e-05
0.000102248
0.000112345
9.5792e-05
8.546e-05
0.00015481
0.000107273
0.000125093
0.000119007
9.1419e-05
0.000128242
0.000153473
8.0935e-05
0.000154754
9.557e-05
0.000102024
9.2345e-05
9.3918e-05
9.9222e-05
0.000156849
0.000156654
9.3947e-05
8.8541e-05
0.000163972
8.9206e-05
8.1518e-05
8.9004e-05
8.4088e-05
8.4472e-05
9.1657e-05
0.000101177
7.97e-05
9.0516e-05
7.9055e-05
8.3695e-05
8.5138e-05
9.1618e-05
7.5191e-05
0.000104573
8.3289e-05
8.5529e-05
8.1951e-05
0.000137636
0.000144281
0.000131012
0.000135209
0.000154591
0.000148376
8.5779e-05
8.6088e-05
0.000145112
0.000141529
0.00013818
0.000139811
0.000138292
8.4926e-05
0.000149447
8.5722e-05
0.000117034
0.000235073
9.5259e-05
9.4085e-05
0.000115065
9.3991e-05
8.8893e-05
8.9749e-05
8.6486e-05
8.6055e-05
8.1811e-05
0.000101662
9.4069e-05
0.000175552
9.8143e-05
0.000100082
0.000102035
0.000108429
0.000104504
0.000109424
0.000106671
9.8274e-05
0.000104332
0.000108447
0.000186411
0.000172262
0.000103375
0.000119837
0.000102275
0.000164744
0.000109301
0.000114522
9.764e-05
0.000104339
0.000105797
0.00011024
0.00010296
0.000182106
0.000112495
0.000100089
0.000114468
0.000110081
0.000113659
0.000127708
0.000121286
0.00010875
0.000113965
0.000109964
0.000181628
0.00011243
0.000188753
0.00017966
0.000181012
0.000186576
0.000117848
0.000204208
0.00018948
0.000116456
0.00012761
0.000114341
0.000150954
0.000209381
0.000115981
0.000171668
0.000128213
0.000148979
0.00020346
0.000153961
0.000115702
0.00012437
0.000118089
0.000114832
0.000129394
0.000210152
0.00011015
0.00010551
0.000191366
0.000179157
0.000201159
0.000122228
0.000129496
0.000112639
0.000149596
0.000121548
0.000155367
0.000134383
0.000118249
0.000251208
0.0002298
0.000196804
0.000124326
0.000127639
0.00013132
0.000132129
0.000164538
0.000142485
0.000119684
0.000111188
0.000123951
0.000119866
0.000130502
0.000134364
0.000190398
0.000131608
0.00012962
0.000122405
0.000121378
0.000118037
0.000193473
0.000200321
0.000123359
0.00013701
0.000111945
0.000115985
0.000111106
0.000111637
0.000123141
0.000116301
0.000191126
0.000118734
0.000119527
0.000207244
0.000123511
0.00012718
0.000153386
0.000224914
0.000226386
0.00022807
0.000221342
0.000219839
0.000137414
0.000138495
0.000131379
0.000248735
0.000141648
0.000153113
0.000147192
0.000157359
0.000153204
0.000151629
0.000132676
0.00013075
0.000200714
0.000208856
0.000116672
0.000211912
0.000183778
0.000120469
0.000130116
0.000131789
0.000130838
0.000162773
0.000131047
0.000131449
0.000222363
0.000136358
0.000152099
0.000245357
0.000133557
0.000148999
0.000229591
0.000228357
0.000155346
0.000149457
0.0001408
0.000144302
0.000159335
0.00023861
0.000120898
0.000128804
0.000137593
0.0001334
0.000140816
0.000211723
0.000125571
0.000126039
0.000125786
0.00013297
0.000137039
0.000121881
0.000126298
0.000139163
0.000127042
0.000137462
0.0001381
0.000125293
0.000129293
0.000134499
0.000116609
0.000133987
0.000123246
0.000122532
0.000141446
0.00021722
0.000196678
0.000117219
0.000122904
0.000139112
0.000122206
0.000118484
0.000163905
0.000107259
0.000106344
0.00013753
0.000127951
0.000220121
0.000123766
0.0001475
0.000125453
0.000197783
0.000131654
0.000218005
0.000182883
0.000141303
0.000141248
0.000138248
0.000138005
0.000127701
0.000130569
0.000140686
0.000132281
0.00014442
0.000171858
0.000214353
0.00012319
0.000228126
0.000136877
0.000131435
0.000131413
0.000139695
0.000218561
0.000141198
0.000145107
0.000226522
0.000231166
0.000247619
0.000156009
0.000168164
0.000171675
0.000254949
0.000175894
0.00024272
0.000169409
0.00016712
0.000180259
0.000158895
0.000153295
0.000173631
0.000165872
0.000178694
0.000209534
0.000168762
0.000163583
0.000191665
0.000195619
0.000305862
0.000294345
0.000287408
0.000173111
0.000160661
0.000185114
0.000177959
0.000178468
0.000175425
0.000161172
0.000264469
0.000166556
0.000143782
0.000155935
0.000260522
0.000145176
0.000162434
0.000151444
0.000157251
0.000173753
0.00014381
0.000136235
0.000162438
0.00015422
0.000139003
0.000149157
0.000222268
0.000150312
0.000150164
0.000150148
0.000253681
0.000163809
0.000160318
0.000162875
0.000283802
0.000261336
0.000253265
0.000272559
0.000272975
0.000239859
0.000260265
0.000259725
0.000259104
0.000261236
0.000250988
0.000275526
0.000306366
0.000174193
0.000173407
0.000168585
0.000272283
0.00023862
0.000230982
0.000254978
0.000254243
0.000226222
0.000192005
0.00022832
0.000247026
0.000135304
0.000220275
0.000212844
0.000135933
0.000136802
0.000144818
0.000146017
0.000142681
0.0001466
0.000133736
0.000199209
0.000144751
0.000197225
0.000215831
0.000211716
0.000128687
0.000203117
0.000114239
0.000124365
0.000118908
0.0001284
0.000241759
0.000234082
0.000254777
0.000140015
0.000146042
0.00013532
0.000139023
0.00014114
0.000176095
0.000140994
0.000132972
0.000156593
0.000134944
0.000137949
0.000256089
0.000208496
0.000181391
0.000218491
0.00023402
0.000148467
0.000133109
0.000151135
0.000133794
0.000135496
0.000121051
0.000137629
0.000151118
0.000151275
0.000225326
0.000153849
0.000170384
0.000229829
0.000231141
0.000147013
0.00014324
0.000170383
0.000150227
0.000157694
0.000268342
0.00016381
0.000149495
0.00014373
0.000116692
0.00019179
0.000232161
0.000192131
0.000114763
0.000132654
0.00014373
0.000132999
0.000233453
0.000142146
0.000132966
0.000199041
0.000221195
0.000129225
0.000118872
0.000111904
0.000101532
0.000114195
9.5742e-05
0.00010345
0.000150591
0.000137753
0.000158562
0.000138442
0.000119267
0.000113235
0.000138644
0.000112295
0.000120048
0.000192034
0.000109123
0.000106772
0.000177565
0.000173386
0.000136509
9.6845e-05
9.4086e-05
8.7337e-05
8.47e-05
7.7739e-05
8.1669e-05
9.3416e-05
8.7375e-05
8.1814e-05
0.000146848
8.2592e-05
7.6872e-05
0.000121379
5.6806e-05
8.0681e-05
8.427e-05
8.7451e-05
0.000117175
9.2672e-05
8.1218e-05
8.6761e-05
0.000122373
0.000134865
8.5735e-05
0.00011755
0.00012268
8.2798e-05
8.0127e-05
8.3588e-05
8.8382e-05
8.0537e-05
8.3224e-05
7.6223e-05
8.302e-05
8.564e-05
8.1245e-05
0.000106182
0.00012179
8.9526e-05
8.1887e-05
8.4837e-05
8.0941e-05
9.4024e-05
8.8882e-05
9.7742e-05
0.000127277
8.8781e-05
0.00012953
0.00010114
9.3307e-05
0.000140625
9.3054e-05
8.6611e-05
9.4275e-05
8.4745e-05
0.000137444
0.000142459
0.000106441
0.00010103
9.6052e-05
0.000127746
0.000134668
6.5721e-05
9.4109e-05
9.3999e-05
0.000124998
0.000135604
9.7959e-05
0.000150632
0.00011518
9.8333e-05
0.000165331
0.000102778
0.000158437
0.000107501
0.000184774
0.000113444
0.000119832
0.000115818
0.000118716
0.000118694
0.000227668
0.00019416
0.000125165
0.000116657
0.000130426
0.000183285
0.000140609
0.000120075
0.000132651
0.000145138
0.000134713
0.000125779
0.000138246
0.000127088
0.000123109
0.000114169
0.000133312
0.000120758
0.000187521
0.000219798
0.000128325
0.000220953
0.000127127
0.000121085
0.000280968
0.000183812
0.000200321
0.000131621
0.000157323
0.000125678
0.00014862
0.000133012
0.000132639
0.000150085
0.000135819
0.000208937
0.000154258
0.000154629
0.000138225
0.000147636
0.000120363
0.000134156
0.000138528
0.000141099
0.000229491
0.000146106
0.000140058
0.000134915
0.000135113
0.000150365
0.000148977
0.000151209
0.000133007
0.000141784
0.000140707
0.000201662
0.000144987
0.000224405
0.000228197
0.000222693
0.000211108
0.000134273
0.000115244
0.000111751
0.000102547
9.9491e-05
0.00015061
0.000108694
0.000110387
0.00011089
9.4457e-05
9.9502e-05
0.00019118
8.8396e-05
9.6595e-05
0.000104095
0.000122371
9.9728e-05
0.000102836
0.000141363
8.4372e-05
8.8441e-05
9.7228e-05
0.000101069
0.000177121
0.000110978
0.000133248
0.000125485
0.000184933
0.000108238
0.000104627
9.049e-05
8.7335e-05
9.9176e-05
0.00010632
9.3982e-05
0.000147069
9.6129e-05
8.0425e-05
0.000130991
8.5236e-05
8.6546e-05
8.7883e-05
0.000127012
0.000101864
9.1782e-05
6.6405e-05
7.1333e-05
8.4895e-05
6.1585e-05
8.0031e-05
0.000100163
0.000104257
6.965e-05
9.3217e-05
6.9931e-05
0.000106534
7.2931e-05
8.6275e-05
0.000112315
0.000118359
0.000100864
7.6014e-05
7.1366e-05
7.9224e-05
6.748e-05
6.5995e-05
6.8164e-05
0.00010214
0.000113455
7.3251e-05
0.000123218
8.1261e-05
0.000106038
6.8102e-05
7.5862e-05
6.8094e-05
7.3926e-05
7e-05
7.6663e-05
6.4626e-05
6.4885e-05
6.5908e-05
8.9218e-05
0.000106223
6.6589e-05
6.8357e-05
7.4812e-05
6.9123e-05
0.000110224
6.3253e-05
9.8588e-05
6.3028e-05
9.7805e-05
0.000100799
9.403e-05
0.0001056
9.2398e-05
6.3635e-05
9.2101e-05
7.269e-05
6.6354e-05
6.2959e-05
6.5776e-05
9.4779e-05
6.6947e-05
7.1981e-05
7.1978e-05
0.000119523
0.000102239
0.000111483
7.377e-05
0.000102431
7.3377e-05
6.4461e-05
6.621e-05
6.8599e-05
6.7388e-05
7.4532e-05
0.00010915
8.3431e-05
7.3433e-05
0.000173459
7.139e-05
7.9848e-05
7.3684e-05
7.3678e-05
7.5561e-05
7.6638e-05
7.9585e-05
0.000119
0.000106356
7.3175e-05
0.000128959
0.000121706
8.3021e-05
8.8574e-05
8.6054e-05
8.7071e-05
8.8047e-05
9.8355e-05
9.6975e-05
0.000132244
9.2577e-05
9.7707e-05
0.000103302
0.000140079
0.000101282
9.4087e-05
9.8034e-05
0.000106164
0.000138446
0.000112517
0.000166318
0.000104902
0.000104671
0.000188087
0.000158433
0.000163051
0.000109247
0.000109971
0.000114095
0.000109666
0.000113057
0.000129056
0.000111521
0.000197756
0.000112236
0.000104728
0.000116415
0.000105652
0.000174624
0.000166051
9.6144e-05
0.000174802
0.000132395
0.000104005
0.000106726
0.000107144
0.00012515
0.000108392
9.7156e-05
0.000100088
0.00010827
0.000122707
0.000106805
0.000185061
0.000114656
0.000167526
0.000167016
0.000110615
0.000120205
0.000198799
0.000121963
0.000117425
0.000113579
0.000187473
0.000126585
0.000144887
0.000129708
0.000133781
0.000149341
0.000149503
0.000139611
0.0002803
0.0001438
0.000150689
0.000146132
0.000149978
0.000144473
0.000159266
0.000152465
0.000262689
0.000166986
0.000157728
0.000140208
0.000252568
0.000146471
0.000148356
0.000148503
0.000155224
0.000141215
0.000174569
0.00017758
0.000150746
0.000149034
0.000145465
0.000145173
0.00014375
0.00014202
0.00014036
0.000148027
0.000150841
0.000142898
0.000131093
0.000136911
0.000143511
0.000151961
0.000147013
0.000148368
0.00023721
0.00023472
0.000240214
0.000222431
0.00021298
0.000133906
0.000136398
0.000144393
0.000125729
0.000141351
0.000135029
0.000201035
0.000193895
0.000128586
0.000120425
0.000143529
0.000124013
0.000111516
0.000122695
0.0001841
0.000112011
0.000113772
0.000101829
0.000101
0.000142674
0.000100389
0.000116
0.000123695
0.000112805
0.000103986
0.000112499
0.000123351
0.000103357
0.000114675
0.000190991
0.000108958
0.00016848
0.00011841
0.000109221
0.000117671
0.00014201
0.000124693
0.00012642
0.00012301
0.000129982
0.000131243
0.000116157
0.000134826
0.000197574
0.000115546
0.000122278
0.000196379
0.000125279
0.000204218
0.000218989
0.000128914
0.000128848
0.000156302
0.000116398
0.000126041
0.000216849
0.000127853
0.000205914
0.000143038
0.000129225
0.000130991
0.00012715
0.000120875
0.000188802
0.000120719
0.000225746
0.000130181
0.000148154
0.000221761
0.000151581
0.000240086
0.000228649
0.000223851
0.00013826
0.000171019
0.000228707
0.000258924
0.000143119
0.000143816
0.000145122
0.000150301
0.000139094
0.000135306
0.000141011
0.000135013
0.000148864
0.000130676
0.000131669
0.000137223
0.000137805
0.000133522
0.000139985
0.000132069
0.00013303
0.000125353
0.000111855
0.000123338
0.000111786
0.000110643
0.000104711
0.000109905
0.000174042
0.000168247
0.000143035
0.00018669
0.000103475
0.000105933
0.000110318
0.000181952
0.000176861
0.000115387
0.000108182
0.000121272
0.000125858
0.00011915
0.000187745
0.000168099
0.000171203
0.000119014
0.000119158
0.000123028
0.000201192
0.000128958
0.000189318
0.000143817
0.000125021
0.000132903
0.000221501
0.000155079
0.000221394
0.000126139
0.000124011
0.000262095
0.000127457
0.000116102
0.000116584
0.000115504
0.000113875
0.000119503
0.000136121
0.000139645
0.000126628
0.00012956
0.0001529
0.000135238
0.000203879
0.000130653
0.000132681
0.000197211
0.000194712
0.000181518
0.000137613
0.000129286
0.000128833
0.000218135
0.00020962
0.00021553
0.000221152
0.000132771
0.000140993
0.000136363
0.000122796
0.000138924
0.000160216
0.000143115
0.000144377
0.000251425
0.000153867
0.000150447
0.000174706
0.000163257
0.000158235
0.000171174
0.00017548
0.000177267
0.000282312
0.000178028
0.000179579
0.000167739
0.000171591
0.00016129
0.000309717
0.000172419
0.000171059
0.000147266
0.000145686
0.000241354
0.000285205
0.000234362
0.000234788
0.000206594
0.000217295
0.000137393
0.000126008
0.000117695
0.000184956
0.000207526
0.000186471
0.000181861
0.000109627
0.000108966
0.000138591
0.000127299
9.8683e-05
0.000153065
0.000185432
0.000152377
0.000103884
0.00016315
9.3456e-05
0.000103805
0.000149902
0.000119799
9.3752e-05
0.000175909
0.000106046
0.000166101
0.00010523
0.000101924
0.000100024
0.000111829
0.000117206
0.00012183
0.000207082
0.000125037
0.000233977
0.000128044
0.000230193
0.000143422
0.000145523
0.000223046
0.000256101
0.00016493
0.000141607
0.000166762
0.000300763
0.000180027
0.00024974
0.000189757
0.000180995
0.000202983
0.000203164
0.000224221
0.000222324
0.000218963
0.000235087
0.000250687
0.000367559
0.00021064
0.000246806
0.000251847
0.000266274
0.00027185
0.000255288
0.000264125
0.000422053
0.000276447
0.000278628
0.000269769
0.000339335
0.000272367
0.000290409
0.00027235
0.000300555
0.000299362
0.000330929
0.000307105
0.000511776
0.000315829
0.000333131
0.000331294
0.000575421
0.000321016
0.000327044
0.000307571
0.000304238
0.000277759
0.000362443
0.000280322
0.000432342
0.000270591
0.00040137
0.000339618
0.000507433
0.000296808
0.000255951
0.000438578
0.00045
0.000431164
0.000241077
0.000219448
0.000267198
0.000201769
0.000222142
0.000192069
0.000370453
0.000310722
0.000169148
0.00015918
0.000146907
0.000155803
0.000214676
0.00018919
0.000131517
0.000189062
9.4251e-05
0.000103361
0.000165102
9.9632e-05
9.4282e-05
9.6957e-05
0.000103286
8.9035e-05
8.629e-05
8.4812e-05
5.7561e-05
5.8861e-05
6.381e-05
5.491e-05
0.000114123
5.9052e-05
5.4752e-05
6.3011e-05
7.3514e-05
0.000140469
6.9025e-05
6.5455e-05
6.7769e-05
9.719e-05
7.6029e-05
6.2856e-05
7.0914e-05
6.0137e-05
6.7852e-05
7.3278e-05
5.5938e-05
5.0703e-05
9.5653e-05
5.4723e-05
2.6846e-05
4.3867e-05
4.3796e-05
6.3244e-05
5.4983e-05
6.9962e-05
5.635e-05
3.677e-05
7.9923e-05
7.2543e-05
6.9781e-05
4.9396e-05
4.412e-05
3.8046e-05
8.0158e-05
7.484e-05
0.000113488
7.4731e-05
8.6993e-05
4.6914e-05
6.4202e-05
7.8234e-05
7.707e-05
6.2541e-05
9.6607e-05
0.000119073
0.000108308
9.7048e-05
0.000114835
0.000106924
0.000109872
9.7626e-05
0.000129834
9.0474e-05
0.000159912
0.000114108
0.000106483
0.000111311
0.000162149
0.000106489
0.000206645
0.000117382
0.000125374
0.000185634
0.000135305
0.000134417
0.000132775
0.0001371
0.000131233
0.000114528
0.000206229
0.000180707
0.000211009
0.000128108
0.000120191
0.000138479
0.000186951
0.000129276
0.000112891
0.000110565
0.000114602
0.000114327
0.000111675
9.8967e-05
0.000111612
0.000116821
0.000162026
0.000147787
0.000135746
0.000104701
0.000128052
0.000130775
0.000140002
0.000120126
0.000110537
0.000117376
0.00014317
0.000126749
0.000133445
0.000136278
0.000124354
8.2998e-05
9.0846e-05
8.3899e-05
0.000112785
8.3184e-05
0.000115417
9.8893e-05
0.000106781
6.9461e-05
7.7029e-05
7.0122e-05
8.9816e-05
7.6645e-05
0.000110933
6.5069e-05
0.000109682
6.916e-05
7.8377e-05
8.3045e-05
0.000114914
0.000101837
7.5246e-05
0.000117181
0.000104471
6.8146e-05
7.5376e-05
7.7841e-05
7.4261e-05
7.0158e-05
7.2229e-05
0.000111456
0.000124187
8.7591e-05
7.7739e-05
7.0993e-05
8.6136e-05
6.8214e-05
7.7504e-05
8.2098e-05
7.5591e-05
0.00010287
9.3292e-05
7.8961e-05
0.000101926
0.000104701
0.000104651
8.2512e-05
0.000111933
6.9505e-05
6.2803e-05
7.5717e-05
7.6667e-05
8.7529e-05
8.093e-05
0.000142638
9.4928e-05
8.7092e-05
8.3608e-05
9.3442e-05
8.6003e-05
8.0675e-05
7.6498e-05
0.00013618
0.000119032
8.0196e-05
0.000113427
0.000105207
0.000137021
6.9399e-05
8.5187e-05
8.6004e-05
8.0395e-05
8.7986e-05
8.837e-05
0.000137771
7.8865e-05
8.7127e-05
8.472e-05
8.7298e-05
9.6525e-05
0.000130942
0.000139603
9.1153e-05
8.4911e-05
0.000127556
7.9752e-05
7.0028e-05
6.9225e-05
8.307e-05
7.6418e-05
7.5776e-05
0.000132164
7.2356e-05
6.5644e-05
7.171e-05
7.0322e-05
7.2207e-05
7.1256e-05
7.2874e-05
7.5116e-05
7.6496e-05
8.1335e-05
6.7301e-05
9.3054e-05
8.4536e-05
6.5754e-05
9.5268e-05
0.000102635
0.000115107
8.3994e-05
7.6139e-05
0.000102214
8.0783e-05
0.000103152
0.000112672
8.015e-05
7.6951e-05
8.128e-05
8.5594e-05
8.3555e-05
8.0246e-05
8.2183e-05
8.1204e-05
8.8622e-05
8.1918e-05
0.000136465
0.000124072
0.00012717
9.8125e-05
7.8598e-05
0.000103491
0.000127327
7.595e-05
7.8475e-05
7.5149e-05
7.618e-05
0.000116323
8.162e-05
7.6282e-05
9.6617e-05
0.000111144
0.000122421
7.9554e-05
8.2585e-05
8.0614e-05
7.8625e-05
0.000131105
8.1451e-05
0.000139842
0.0001641
8.4531e-05
0.000158878
8.2156e-05
9.2823e-05
9.4141e-05
9.2745e-05
8.4336e-05
8.0547e-05
0.000124479
8.9105e-05
9.0924e-05
9.4881e-05
9.3606e-05
0.000153285
0.000130707
0.000140212
0.000134657
0.000141436
9.7438e-05
0.000153675
0.000141785
8.2596e-05
9.1206e-05
8.7317e-05
0.000124683
9.4459e-05
8.3934e-05
7.9454e-05
0.000122163
0.000108401
0.000125139
7.788e-05
9.0059e-05
8.0884e-05
8.8597e-05
8.4817e-05
9.0328e-05
0.000117836
8.2124e-05
8.3637e-05
9.2526e-05
9.4738e-05
0.000131554
0.000136532
8.6867e-05
8.2972e-05
9.0469e-05
8.1303e-05
0.000163529
9.5012e-05
0.000153187
0.000104831
8.5081e-05
9.0328e-05
0.000136626
9.9007e-05
7.8362e-05
0.000121795
9.1102e-05
8.9991e-05
9.2373e-05
0.000166265
9.0005e-05
8.4172e-05
8.943e-05
9.3261e-05
8.5067e-05
8.7615e-05
8.4918e-05
0.000187245
9.4796e-05
0.000118142
0.000111066
0.00012597
8.2895e-05
8.0395e-05
0.000114526
0.000115841
0.000117464
7.4613e-05
9.403e-05
9.1622e-05
9.5629e-05
9.5773e-05
0.000154891
0.000178127
9.2254e-05
0.000119169
9.9271e-05
0.000131352
0.000147435
8.9026e-05
9.3241e-05
0.000108058
0.000103055
0.000161779
0.00016132
0.000158391
9.9293e-05
9.5152e-05
0.000137433
9.382e-05
0.000101514
9.1743e-05
9.1469e-05
8.4809e-05
8.1825e-05
9.2162e-05
8.6904e-05
8.7623e-05
9.3174e-05
8.8013e-05
9.1165e-05
8.5831e-05
9.3675e-05
9.0158e-05
0.00015353
9.1434e-05
0.000165133
9.0918e-05
8.8549e-05
0.000155597
0.000145962
8.7317e-05
8.6913e-05
9.1557e-05
0.000141335
0.000145503
0.000135246
0.000103379
0.000165936
0.000100116
0.000104944
0.000172992
0.000186341
0.000202451
0.000119293
0.000112991
0.000119387
0.000125135
0.000127962
0.000118449
0.000125144
0.000126067
0.000119802
0.000121003
0.000194891
0.000190092
0.000218645
0.000135953
0.000134132
0.000141155
0.00021317
0.000229832
0.00014241
0.000142338
0.000145255
0.000160699
0.000136918
0.00014421
0.000184885
0.000139137
0.000135913
0.000155363
0.000137549
0.000151808
0.000182792
0.000175197
0.000155767
0.000195594
0.000160959
0.000151906
0.000140379
0.000229006
0.000153268
0.000135578
0.000149965
0.000175402
0.000229248
0.000208572
0.00014238
0.000152295
0.00015096
0.000273285
0.000252476
