8.46e-07
6.11e-07
6.13e-07
6.17e-07
6.07e-07
6.15e-07
6.31e-07
5.77e-07
6.24e-07
6.05e-07
6.07e-07
6.72e-07
5.49e-07
5.92e-07
9.13e-07
6.89e-07
5.98e-07
6.4e-07
5.2e-07
9.38e-07
6.28e-07
6.76e-07
5.8e-07
8.7e-07
5.79e-07
5.58e-07
5.85e-07
9.57e-07
8.52e-07
1.115e-06
1.023e-06
2.701e-06
1.005e-06
1.068e-06
1.094e-06
1.184e-06
9.6e-07
9.91e-07
1.022e-06
9.67e-07
9.18e-07
1.007e-06
1.002e-06
9.97e-07
1.081e-06
8.92e-07
2.168e-06
1.655e-06
1.908e-06
1.895e-06
1.227e-06
1.8e-06
1.297e-06
1.663e-06
1.366e-06
1.979e-06
2.012e-06
1.944e-06
1.285e-06
1.284e-06
1.216e-06
1.292e-06
1.154e-06
1.277e-06
1.472e-06
1.168e-06
1.11e-06
1.519e-06
3.366e-06
1.235e-06
1.879e-06
1.207e-06
1.697e-06
1.454e-06
2.235e-06
1.441e-06
1.271e-06
1.752e-06
1.461e-06
1.417e-06
1.647e-06
2.232e-06
1.843e-06
2.375e-06
2.695e-06
1.469e-06
1.654e-06
1.218e-06
1.219e-06
1.362e-06
2.017e-06
1.231e-06
1.505e-06
1.666e-06
1.394e-06
1.6e-06
1.25e-06
1.455e-06
1.559e-06
1.134e-06
1.15e-06
1.283e-06
1.14e-06
1.184e-06
1.089e-06
1.198e-06
1.954e-06
1.941e-06
1.844e-06
1.973e-06
2.627e-06
2.382e-06
1.172e-06
1.188e-06
1.254e-06
1.431e-06
1.358e-06
1.396e-06
1.67e-06
1.286e-06
4.039e-06
2.356e-06
2.559e-06
1.376e-06
1.472e-06
1.187e-06
1.136e-06
1.507e-06
1.283e-06
1.257e-06
2.174e-06
2.753e-06
1.234e-06
3.354e-06
1.702e-06
2.004e-06
3.513e-06
1.752e-06
1.539e-06
3.967e-06
3.876e-06
3.379e-06
3.33e-06
3.168e-06
1.5748e-05
2.225e-06
2.103e-06
1.348e-06
2.192e-06
2.334e-06
3.017e-06
1.411e-06
2.313e-06
2.005e-06
1.47e-06
1.913e-06
2.006e-06
1.44e-06
1.438e-06
1.644e-06
1.768e-06
1.995e-06
1.637e-06
1.444e-06
1.538e-06
1.664e-06
2.03e-06
1.604e-06
1.34e-06
1.376e-06
1.267e-06
1.286e-06
1.557e-06
1.33e-06
1.734e-06
1.783e-06
1.323e-06
1.372e-06
1.521e-06
1.674e-06
1.988e-06
1.495e-06
2.036e-06
1.555e-06
1.359e-06
1.699e-06
2.236e-06
1.471e-06
2.069e-06
1.877e-06
1.783e-06
2.253e-06
1.664e-06
1.328e-06
1.568e-06
1.673e-06
1.862e-06
1.528e-06
1.469e-06
1.704e-06
1.736e-06
1.703e-06
2.448e-06
2.547e-06
2.644e-06
1.671e-06
2.426e-06
1.926e-06
1.848e-06
1.658e-06
1.589e-06
1.545e-06
1.738e-06
3.12e-06
1.891e-06
2.534e-06
2.57e-06
4.776e-06
2.517e-06
1.55e-06
2.386e-06
1.504e-06
1.76e-06
2.025e-06
1.485e-06
1.531e-06
3.001e-06
1.611e-06
1.687e-06
1.513e-06
3.166e-06
2.666e-06
2.417e-06
1.468e-06
1.697e-06
1.395e-06
1.461e-06
1.458e-06
1.9e-06
1.439e-06
1.706e-06
2.451e-06
2.368e-06
1.498e-06
1.636e-06
1.318e-06
1.344e-06
1.149e-06
2.313e-06
1.502e-06
1.728e-06
2.766e-06
1.288e-06
1.313e-06
1.357e-06
1.362e-06
2.092e-06
2.28e-06
1.957e-06
1.459e-06
1.663e-06
1.408e-06
1.579e-06
1.393e-06
1.475e-06
2.383e-06
1.665e-06
1.978e-06
1.402e-06
1.567e-06
1.422e-06
1.336e-06
1.491e-06
1.529e-06
1.738e-06
1.569e-06
1.397e-06
1.227e-06
1.6653e-05
1.75e-06
1.59e-06
1.533e-06
1.492e-06
1.73e-06
1.659e-06
1.791e-06
1.569e-06
1.516e-06
1.539e-06
1.624e-06
2.775e-06
2.104e-06
3.281e-06
2.449e-06
1.756e-06
1.783e-06
1.68e-06
1.614e-06
2.476e-06
2.219e-06
1.48e-06
1.626e-06
1.582e-06
1.531e-06
2.187e-06
1.411e-06
1.407e-06
1.766e-06
2.139e-06
2.068e-06
2.072e-06
1.578e-06
1.363e-06
1.615e-06
2.841e-06
2.338e-06
2.802e-06
2.072e-06
1.669e-06
1.481e-06
1.636e-06
2.056e-06
1.435e-06
1.791e-06
2.965e-06
2.618e-06
1.789e-06
1.718e-06
2.316e-06
2.354e-06
1.636e-06
1.308e-06
1.558e-06
1.913e-06
1.665e-06
1.593e-06
1.516e-06
1.43e-06
1.627e-06
1.679e-06
2.27e-06
1.407e-06
1.846e-06
1.552e-06
1.224e-06
2.436e-06
3.627e-06
1.457e-06
1.33e-06
1.631e-06
1.716e-06
1.805e-06
1.35e-06
1.48e-06
1.568e-06
1.554e-06
2.394e-06
2.265e-06
1.797e-06
1.713e-06
1.649e-06
1.667e-06
1.686e-06
1.756e-06
1.619e-06
1.515e-06
1.493e-06
2.81e-06
1.704e-06
1.596e-06
3.902e-06
2.959e-06
2.676e-06
2.65e-06
1.531e-06
1.759e-06
1.463e-06
2.937e-06
2.635e-06
2.464e-06
1.426e-06
2.72e-06
2.612e-06
2.654e-06
2.705e-06
2.36e-06
2.356e-06
1.912e-06
1.632e-06
1.527e-06
1.803e-06
1.582e-06
2.935e-06
2.228e-06
2.012e-06
1.341e-06
1.798e-06
1.295e-06
1.508e-06
1.656e-06
1.786e-06
2.136e-06
1.684e-06
1.504e-06
3.021e-06
1.829e-06
3.035e-06
2.376e-06
1.752e-06
3.052e-06
1.697e-06
1.659e-06
1.903e-06
1.713e-06
1.404e-06
1.265e-06
1.528e-06
1.298e-06
1.403e-06
1.445e-06
4.396e-06
2.891e-06
2.487e-06
1.344e-06
1.618e-06
1.517e-06
1.839e-06
1.671e-06
2.339e-06
1.726e-06
2.471e-06
2.607e-06
1.251e-06
1.187e-06
1.401e-06
1.862e-06
1.562e-06
1.707e-06
2.703e-06
2.06e-06
1.3824e-05
1.187e-06
1.223e-06
1.369e-06
2.067e-06
2.177e-06
2.254e-06
1.444e-06
1.36e-06
1.705e-06
1.207e-06
1.319e-06
1.942e-06
1.306e-06
2.009e-06
2.667e-06
1.728e-06
1.93e-06
1.229e-06
2.049e-06
1.809e-06
1.499e-06
1.333e-06
1.305e-06
3.044e-06
1.049e-06
1.375e-06
1.806e-06
1.297e-06
1.252e-06
1.273e-06
2.235e-06
1.939e-06
1.309e-06
1.166e-06
1.269e-06
1.992e-06
1.253e-06
1.235e-06
1.124e-06
1.823e-06
1.7e-06
1.134e-06
9.96e-07
1.098e-06
1.137e-06
1.363e-06
1.138e-06
1.166e-06
9.46e-07
9.89e-07
1.152e-06
1.006e-06
1.808e-06
1.897e-06
1.18e-06
1.747e-06
1.374e-06
1.772e-06
1.921e-06
1.478e-06
1.322e-06
1.757e-06
1.148e-06
1.691e-06
1.158e-06
1.069e-06
1.072e-06
1.553e-06
2.081e-06
1.948e-06
2.001e-06
1.755e-06
2.191e-06
2.124e-06
1.925e-06
1.155e-06
2.043e-06
1.114e-06
1.531e-06
1.089e-06
2.868e-06
1.344e-06
1.219e-06
1.395e-06
1.289e-06
1.907e-06
1.759e-06
2.015e-06
1.775e-06
1.524e-06
1.312e-06
1.213e-06
1.417e-06
2.009e-06
1.185e-06
1.906e-06
2.28e-06
1.608e-06
2.331e-06
1.496e-06
1.886e-06
1.063e-06
1.813e-06
1.864e-06
1.164e-06
1.797e-06
1.93e-06
1.723e-06
1.52e-06
9.32e-07
1.325e-06
1.603e-06
1.918e-06
1.729e-06
1.74e-06
1.174e-06
1.419e-06
1.091e-06
1.771e-06
1.408e-06
9.88e-07
9.46e-07
1.732e-06
1.725e-06
1.618e-06
1.126e-06
1.042e-06
1.601e-06
1.098e-06
1.104e-06
1.313e-06
9.95e-07
1.81e-06
1.187e-06
1.118e-06
9.2e-07
1.127e-06
1.109e-06
1.776e-06
1.812e-06
1.306e-06
1.116e-06
1.408e-06
1.18e-06
3.113e-06
1.17e-06
1.664e-06
1.2e-06
1.424e-06
1.661e-06
1.014e-06
1.067e-06
1.871e-06
1.708e-06
1.109e-06
1.666e-06
1.255e-06
1.369e-06
1.223e-06
1.032e-06
1.302e-06
1.584e-06
1.183e-06
1.6106e-05
2.049e-06
1.901e-06
1.204e-06
1.215e-06
1.458e-06
1.386e-06
1.838e-06
1.444e-06
1.757e-06
1.178e-06
1.216e-06
1.305e-06
1.101e-06
1.564e-06
1.954e-06
3.111e-06
1.427e-06
2.603e-06
2.192e-06
2.204e-06
2.37e-06
2.414e-06
1.407e-06
2.25e-06
1.549e-06
2.233e-06
2.676e-06
1.912e-06
2.247e-06
1.434e-06
2.078e-06
1.438e-06
2.56e-06
2.849e-06
1.756e-06
1.751e-06
2.404e-06
4.637e-06
2.102e-06
2.675e-06
3.079e-06
2.447e-06
1.847e-06
2.489e-06
3.71e-06
1.603e-06
1.765e-06
1.829e-06
2.487e-06
1.717e-06
2.265e-06
2.422e-06
1.992e-06
1.576e-06
2.41e-06
2.789e-06
2.087e-06
1.628e-06
2.903e-06
2.706e-06
2.76e-06
3.456e-06
2.533e-06
2.215e-06
2.751e-06
2.569e-06
2.533e-06
2.523e-06
2.182e-06
2.919e-06
1.727e-06
1.879e-06
2.306e-06
1.728e-06
1.762e-06
2.088e-06
1.78e-06
2.159e-06
1.655e-06
1.934e-06
1.982e-06
2.041e-06
2.67e-06
1.487e-06
1.773e-06
2.079e-06
1.915e-06
3.491e-06
4.066e-06
1.978e-06
2.154e-06
1.596e-06
1.527e-06
2.974e-06
1.808e-06
1.522e-06
1.708e-06
1.46e-06
2.597e-06
1.489e-06
1.801e-06
2.413e-06
1.407e-06
2.32e-06
2.703e-06
1.337e-06
1.722e-06
1.712e-06
1.794e-06
1.826e-06
1.347e-06
1.306e-06
1.965e-06
1.956e-06
1.638e-06
1.855e-06
1.474e-06
2.2e-06
2.548e-06
1.339e-06
1.303e-06
2.481e-06
2.291e-06
1.397e-06
1.579e-06
1.227e-06
1.437e-06
2.353e-06
1.632e-06
1.601e-06
2.692e-06
2.55e-06
1.791e-06
1.535e-06
2.918e-06
1.453e-06
1.351e-06
1.408e-06
2.133e-06
2.446e-06
1.054e-06
1.403e-06
1.449e-06
1.366e-06
1.214e-06
1.058e-06
1.179e-06
1.128e-06
1.017e-06
1.598e-06
1.072e-06
1.024e-06
1.079e-06
1.306e-06
1.221e-06
1.05e-06
1.333e-06
1.131e-06
1.073e-06
9.82e-07
1.127e-06
9.98e-07
1.998e-06
1.242e-06
1.135e-06
1.138e-06
1.704e-06
8.94e-07
1.602e-06
1.092e-06
1.213e-06
1.02e-06
1.066e-06
1.146e-06
1.492e-06
1.149e-06
1.223e-06
1.182e-06
1.257e-06
2.025e-06
1.005e-06
1.092e-06
1.382e-06
1.267e-06
1.316e-06
2.202e-06
1.359e-06
1.12e-06
1.987e-06
1.257e-06
2.089e-06
1.172e-06
1.72e-06
2.108e-06
1.665e-06
1.431e-06
1.709e-06
1.231e-06
1.446e-06
1.338e-06
1.336e-06
1.426e-06
1.335e-06
1.436e-06
2.282e-06
1.299e-06
1.449e-06
1.324e-06
1.316e-06
1.834e-06
2.034e-06
1.972e-06
2.116e-06
2.223e-06
1.402e-06
1.408e-06
1.373e-06
1.618e-06
1.482e-06
1.448e-06
1.416e-06
2.082e-06
2.092e-06
2.084e-06
2.083e-06
2.22e-06
2.846e-06
1.745e-06
1.219e-06
1.157e-06
1.817e-06
1.1e-06
2.102e-06
2.033e-06
2.099e-06
1.809e-06
1.76e-06
1.135e-06
2.699e-06
1.719e-06
1.379e-06
2.105e-06
2.251e-06
2.401e-06
2.071e-06
2.06e-06
1.574e-06
2.148e-06
1.192e-06
1.467e-06
1.236e-06
1.27e-06
1.444e-06
1.292e-06
2.368e-06
1.431e-06
1.353e-06
1.315e-06
1.449e-06
1.485e-06
1.612e-06
2.023e-06
1.45e-06
2.014e-06
2.273e-06
1.238e-06
1.884e-06
1.646e-06
1.27e-06
1.406e-06
1.298e-06
1.137e-06
1.339e-06
1.507e-06
1.345e-06
1.4e-06
1.449e-06
1.229e-06
1.427e-06
1.426e-06
1.437e-06
1.42e-06
1.387e-06
1.378e-06
1.225e-06
1.568e-06
1.44e-06
1.45e-06
1.374e-06
1.398e-06
1.512e-06
1.933e-06
2.037e-06
1.326e-06
1.279e-06
1.418e-06
1.148e-06
1.473e-06
1.457e-06
1.495e-06
1.258e-06
1.503e-06
2.673e-06
2.756e-06
2.182e-06
1.3e-06
1.313e-06
1.328e-06
1.453e-06
1.325e-06
1.238e-06
1.277e-06
1.305e-06
1.385e-06
1.207e-06
1.87e-06
1.258e-06
1.335e-06
1.091e-06
1.275e-06
1.325e-06
1.177e-06
1.214e-06
1.258e-06
1.254e-06
1.418e-06
1.394e-06
1.257e-06
1.429e-06
1.263e-06
1.272e-06
1.307e-06
1.42e-06
1.374e-06
1.417e-06
2.071e-06
1.317e-06
2.06e-06
2.56e-06
1.573e-06
1.391e-06
1.679e-06
1.37e-06
1.487e-06
1.663e-06
2.214e-06
1.348e-06
2.164e-06
1.122e-06
1.364e-06
1.341e-06
1.422e-06
1.341e-06
1.3e-06
2.334e-06
1.474e-06
1.349e-06
1.333e-06
2.286e-06
2.474e-06
2.64e-06
2.129e-06
2.591e-06
1.404e-06
1.393e-06
1.541e-06
1.373e-06
1.481e-06
1.36e-06
1.597e-06
1.882e-06
1.392e-06
1.294e-06
1.297e-06
1.837e-06
1.434e-06
1.622e-06
1.342e-06
1.496e-06
1.41e-06
1.361e-06
1.292e-06
1.428e-06
1.204e-06
1.336e-06
1.825e-06
2.165e-06
1.954e-06
2.046e-06
1.324e-06
1.266e-06
1.396e-06
1.322e-06
1.427e-06
1.409e-06
1.141e-06
1.875e-06
1.235e-06
1.312e-06
1.193e-06
1.232e-06
1.35e-06
1.203e-06
1.217e-06
1.181e-06
1.361e-06
1.234e-06
1.165e-06
1.271e-06
1.278e-06
1.397e-06
1.574e-06
1.387e-06
1.253e-06
1.462e-06
1.225e-06
1.176e-06
1.291e-06
1.284e-06
1.476e-06
1.567e-06
1.248e-06
1.358e-06
1.485e-06
1.327e-06
1.183e-06
1.342e-06
1.257e-06
1.755e-06
1.548e-06
1.406e-06
1.421e-06
1.402e-06
1.137e-06
1.448e-06
1.306e-06
1.185e-06
1.181e-06
2.065e-06
1.881e-06
1.35e-06
1.599e-06
2.56e-06
1.597e-06
1.383e-06
1.315e-06
1.384e-06
1.192e-06
1.147e-06
1.12e-06
1.819e-06
1.429e-06
1.272e-06
1.217e-06
1.308e-06
1.294e-06
1.206e-06
1.198e-06
1.176e-06
1.234e-06
2.171e-06
2.545e-06
1.342e-06
1.213e-06
1.413e-06
1.409e-06
1.37e-06
1.866e-06
1.321e-06
2.102e-06
2.432e-06
1.719e-06
2.636e-06
2.042e-06
1.245e-06
2.137e-06
1.299e-06
1.147e-06
1.459e-06
1.203e-06
1.303e-06
1.979e-06
1.312e-06
1.951e-06
1.427e-06
1.605e-06
1.321e-06
2.498e-06
1.32e-06
1.272e-06
1.44e-06
1.398e-06
1.475e-06
1.771e-06
1.24e-06
2.24e-06
1.23e-06
1.357e-06
1.409e-06
1.233e-06
1.201e-06
1.285e-06
1.291e-06
1.394e-06
1.301e-06
1.571e-06
1.194e-06
4.12e-06
1.179e-06
1.625e-06
1.207e-06
1.473e-06
1.286e-06
1.276e-06
1.395e-06
1.23e-06
1.159e-06
1.555e-06
1.372e-06
1.291e-06
1.373e-06
1.286e-06
1.539e-06
1.45e-06
1.394e-06
1.402e-06
1.953e-06
1.466e-06
1.471e-06
1.289e-06
1.449e-06
1.331e-06
2.185e-06
1.345e-06
1.463e-06
1.506e-06
2.796e-06
1.591e-06
2.015e-06
1.441e-06
1.353e-06
1.447e-06
1.357e-06
1.639e-06
1.246e-06
1.618e-06
1.292e-06
1.205e-06
1.205e-06
1.34e-06
1.333e-06
1.65e-06
1.234e-06
1.236e-06
1.51e-06
1.385e-06
1.444e-06
1.729e-06
1.25e-06
2.18e-06
1.322e-06
1.251e-06
2.45e-06
2.182e-06
3.481e-06
1.507e-06
1.227e-06
1.423e-06
1.321e-06
1.386e-06
1.309e-06
1.279e-06
1.354e-06
1.335e-06
1.285e-06
1.68e-06
1.42e-06
1.361e-06
1.473e-06
2.235e-06
1.296e-06
1.295e-06
1.366e-06
1.179e-06
1.439e-06
1.317e-06
1.348e-06
1.27e-06
2.262e-06
2.208e-06
2.108e-06
1.932e-06
1.461e-06
1.164e-06
1.521e-06
1.77e-06
1.271e-06
2.103e-06
2.014e-06
1.179e-06
1.179e-06
1.193e-06
1.461e-06
1.6e-06
1.66e-06
1.513e-06
1.471e-06
2.016e-06
2.414e-06
1.345e-06
2.122e-06
1.512e-06
1.598e-06
1.651e-06
1.546e-06
1.219e-06
1.389e-06
1.397e-06
1.345e-06
1.418e-06
2.185e-06
2.584e-06
1.911e-06
2.09e-06
2.045e-06
2.105e-06
1.332e-06
2.319e-06
1.51e-06
1.327e-06
1.504e-06
1.308e-06
1.326e-06
1.417e-06
1.428e-06
1.345e-06
1.525e-06
1.328e-06
1.214e-06
1.233e-06
1.306e-06
1.369e-06
1.451e-06
2.207e-06
1.538e-06
1.306e-06
1.234e-06
2.362e-06
1.299e-06
1.276e-06
2.094e-06
2.173e-06
1.988e-06
2.273e-06
2.11e-06
2.173e-06
1.326e-06
1.321e-06
1.21e-06
1.327e-06
1.907e-06
1.244e-06
1.364e-06
1.332e-06
1.389e-06
1.65e-06
1.215e-06
1.316e-06
1.254e-06
1.542e-06
1.336e-06
1.315e-06
1.383e-06
1.396e-06
1.367e-06
1.281e-06
1.241e-06
1.337e-06
1.571e-06
1.381e-06
1.381e-06
1.714e-06
1.263e-06
1.436e-06
1.424e-06
2.368e-06
2.491e-06
2.185e-06
2.8e-06
1.312e-06
1.494e-06
1.382e-06
1.425e-06
1.362e-06
2.524e-06
2.114e-06
2.08e-06
2.158e-06
2.171e-06
1.845e-06
2.079e-06
1.883e-06
1.272e-06
1.263e-06
1.318e-06
1.21e-06
1.224e-06
1.885e-06
1.37e-06
1.965e-06
1.306e-06
1.367e-06
1.295e-06
1.239e-06
1.562e-06
1.78e-06
1.225e-06
2.111e-06
2.104e-06
2.065e-06
1.323e-06
2.09e-06
2.168e-06
2.337e-06
2.034e-06
2.018e-06
1.312e-06
1.121e-06
1.54e-06
1.401e-06
1.298e-06
2.22e-06
1.408e-06
1.361e-06
2.854e-06
1.286e-06
1.4e-06
1.308e-06
1.302e-06
1.196e-06
1.259e-06
1.283e-06
1.587e-06
1.489e-06
1.305e-06
1.247e-06
1.793e-06
1.279e-06
1.861e-06
2.043e-06
2.123e-06
1.948e-06
2.012e-06
1.179e-06
1.307e-06
1.267e-06
1.258e-06
2.122e-06
1.321e-06
2.168e-06
1.319e-06
1.771e-06
1.92e-06
1.172e-06
1.202e-06
1.241e-06
1.347e-06
1.346e-06
1.403e-06
1.267e-06
1.405e-06
1.203e-06
1.217e-06
1.318e-06
1.588e-06
1.347e-06
1.374e-06
1.49e-06
1.326e-06
1.389e-06
1.404e-06
1.401e-06
1.216e-06
1.248e-06
1.22e-06
1.778e-06
1.156e-06
1.151e-06
1.376e-06
1.32e-06
1.267e-06
1.15e-06
1.248e-06
1.343e-06
1.349e-06
1.33e-06
1.209e-06
1.266e-06
1.305e-06
1.302e-06
1.539e-06
2.045e-06
1.307e-06
1.419e-06
1.411e-06
1.262e-06
1.261e-06
1.51e-06
1.529e-06
1.472e-06
2.082e-06
1.313e-06
1.41e-06
1.513e-06
2.508e-06
1.907e-06
1.252e-06
1.343e-06
1.312e-06
1.429e-06
1.598e-06
1.405e-06
1.346e-06
1.277e-06
1.855e-06
1.957e-06
1.235e-06
2.172e-06
2.745e-06
1.45e-06
1.372e-06
2.166e-06
1.996e-06
1.307e-06
1.441e-06
1.165e-06
1.345e-06
1.191e-06
1.434e-06
1.376e-06
1.416e-06
1.357e-06
1.297e-06
1.322e-06
1.664e-06
1.327e-06
1.289e-06
1.908e-06
2.063e-06
2.157e-06
2.062e-06
1.237e-06
2.076e-06
2.015e-06
2.154e-06
1.261e-06
1.188e-06
2.48e-06
1.178e-06
1.35e-06
2.149e-06
1.61e-06
1.332e-06
2.156e-06
2.332e-06
1.416e-06
1.376e-06
2.305e-06
2.445e-06
2.315e-06
2.325e-06
1.92e-06
1.425e-06
1.401e-06
1.435e-06
1.642e-06
1.374e-06
1.315e-06
1.3e-06
1.418e-06
1.317e-06
1.359e-06
1.617e-06
1.466e-06
1.338e-06
1.322e-06
2.346e-06
1.312e-06
2.237e-06
1.304e-06
3.069e-06
2.215e-06
1.809e-06
1.338e-06
1.435e-06
1.727e-06
1.474e-06
1.279e-06
1.328e-06
2.437e-06
1.49e-06
1.312e-06
1.393e-06
3.223e-06
2.259e-06
1.502e-06
2.569e-06
2.456e-06
2.431e-06
1.485e-06
2.672e-06
2.525e-06
2.993e-06
2.925e-06
1.684e-06
1.857e-06
1.395e-06
1.734e-06
1.851e-06
1.394e-06
1.612e-06
1.366e-06
1.565e-06
1.465e-06
1.509e-06
1.358e-06
1.545e-06
1.756e-06
1.918e-06
2.214e-06
1.524e-06
1.518e-06
2.577e-06
1.634e-06
2.04e-06
1.751e-06
3.349e-06
1.993e-06
1.641e-06
1.609e-06
1.616e-06
2.896e-06
1.651e-06
2.943e-06
3.14e-06
1.597e-06
3.995e-06
1.357e-06
1.557e-06
2.26e-06
2.155e-06
1.916e-06
1.613e-06
2.668e-06
1.687e-06
1.536e-06
1.813e-06
2.639e-06
1.546e-06
1.759e-06
2.272e-06
1.778e-06
1.77e-06
1.654e-06
1.524e-06
2.627e-06
1.843e-06
1.603e-06
1.753e-06
1.724e-06
1.934e-06
1.589e-06
1.87e-06
2.623e-06
2.144e-06
1.631e-06
1.482e-06
1.566e-06
1.661e-06
1.561e-06
1.549e-06
4.748e-06
1.398e-06
1.447e-06
1.552e-06
1.31e-06
2.12e-06
2.665e-06
1.83e-06
2.879e-06
1.689e-06
1.583e-06
2.792e-06
3.41e-06
1.71e-06
2.64e-06
3.244e-06
2.01e-06
1.699e-06
2.051e-06
1.612e-06
2.645e-06
1.377e-06
1.439e-06
2.583e-06
1.67e-06
1.605e-06
1.302e-06
1.678e-06
1.675e-06
1.275e-06
1.657e-06
1.538e-06
2.448e-06
1.463e-06
2.01e-06
2.119e-06
2.487e-06
1.463e-06
1.206e-06
2.729e-06
2.284e-06
1.947e-06
1.541e-06
1.457e-06
2.406e-06
2.46e-06
2.403e-06
2.358e-06
2.37e-06
2.479e-06
1.565e-06
1.672e-06
1.583e-06
3.566e-06
2.424e-06
3.14e-06
2.26e-06
2.494e-06
2.274e-06
2.453e-06
2.096e-06
2.389e-06
2.446e-06
1.71e-06
1.677e-06
1.565e-06
1.58e-06
1.712e-06
3.144e-06
2.31e-06
1.509e-06
1.621e-06
1.888e-06
2.442e-06
2.326e-06
2.565e-06
1.539e-06
1.657e-06
1.481e-06
1.868e-06
1.777e-06
2.105e-06
2.453e-06
1.965e-06
2.696e-06
2.248e-06
1.64e-06
1.373e-06
1.596e-06
1.593e-06
1.536e-06
1.658e-06
1.472e-06
1.747e-06
1.67e-06
1.831e-06
1.58e-06
1.697e-06
1.655e-06
1.69e-06
2.975e-06
3.014e-06
2.526e-06
3.119e-06
2.58e-06
1.945e-06
2.005e-06
1.659e-06
1.626e-06
1.67e-06
1.768e-06
1.677e-06
1.545e-06
2.933e-06
2.661e-06
2.346e-06
1.654e-06
1.574e-06
1.692e-06
1.634e-06
1.704e-06
2.362e-06
1.616e-06
2.81e-06
2.527e-06
2.679e-06
2.613e-06
2.692e-06
2.208e-06
2.701e-06
1.719e-06
1.739e-06
2.999e-06
3.631e-06
1.574e-06
1.401e-06
1.786e-06
1.799e-06
1.712e-06
1.665e-06
2.668e-06
2.658e-06
1.613e-06
1.803e-06
1.729e-06
1.786e-06
2.667e-06
1.61e-06
3.618e-06
1.783e-06
3.139e-06
1.483e-06
1.518e-06
1.551e-06
1.518e-06
1.563e-06
1.523e-06
1.475e-06
1.6e-06
1.569e-06
2.99e-06
1.865e-06
2.619e-06
2.58e-06
1.463e-06
1.619e-06
1.474e-06
4.703e-06
1.568e-06
2.764e-06
1.659e-06
2.095e-06
1.443e-06
1.897e-06
1.529e-06
1.624e-06
1.667e-06
1.424e-06
2.444e-06
1.709e-06
2.691e-06
2.09e-06
2.643e-06
1.727e-06
1.565e-06
2.099e-06
1.71e-06
1.522e-06
2.514e-06
2.501e-06
1.51e-06
2.839e-06
1.743e-06
1.528e-06
1.476e-06
1.506e-06
1.596e-06
1.48e-06
1.432e-06
1.428e-06
1.416e-06
1.114e-06
2.28e-06
2.168e-06
2.069e-06
2.397e-06
1.57e-06
1.375e-06
1.319e-06
1.289e-06
1.481e-06
1.638e-06
1.371e-06
1.762e-06
2.329e-06
2.261e-06
1.971e-06
1.995e-06
1.221e-06
1.232e-06
1.445e-06
1.351e-06
1.186e-06
1.112e-06
1.243e-06
1.099e-06
1.587e-06
1.379e-06
1.225e-06
1.299e-06
1.318e-06
1.471e-06
1.463e-06
1.49e-06
1.092e-06
1.232e-06
1.197e-06
1.288e-06
1.26e-06
2.251e-06
1.251e-06
1.138e-06
1.218e-06
2.271e-06
1.976e-06
1.977e-06
1.994e-06
2.236e-06
2.218e-06
1.783e-06
1.687e-06
1.812e-06
1.101e-06
1.211e-06
1.632e-06
1.866e-06
1.185e-06
1.538e-06
1.262e-06
1.297e-06
1.008e-06
9e-07
9.2e-07
1.01e-06
9.59e-07
1.179e-06
1.116e-06
9.62e-07
1.052e-06
1.896e-06
1.401e-06
1.26e-06
1.12e-06
1.19e-06
1.13e-06
1.26e-06
1.283e-06
1.938e-06
1.247e-06
1.26e-06
1.466e-06
1.595e-06
1.85e-06
1.348e-06
2.228e-06
2.141e-06
2.262e-06
1.614e-06
2.039e-06
2.084e-06
2.108e-06
2.124e-06
1.273e-06
1.156e-06
1.347e-06
1.163e-06
1.234e-06
1.113e-06
1.203e-06
2.384e-06
2.099e-06
1.086e-06
1.281e-06
1.259e-06
1.296e-06
1.237e-06
1.227e-06
1.203e-06
2.245e-06
1.061e-06
1.246e-06
1.206e-06
1.907e-06
1.224e-06
1.333e-06
1.78e-06
1.139e-06
1.465e-06
1.242e-06
1.35e-06
1.33e-06
1.38e-06
1.914e-06
1.654e-06
1.759e-06
2.309e-06
1.639e-06
1.502e-06
1.74e-06
1.892e-06
1.821e-06
1.273e-06
1.258e-06
1.498e-06
2.066e-06
2.051e-06
1.258e-06
2.137e-06
2.203e-06
1.477e-06
2.098e-06
2.115e-06
2.173e-06
2.488e-06
1.291e-06
1.493e-06
1.34e-06
2.327e-06
1.297e-06
1.301e-06
1.393e-06
1.308e-06
1.384e-06
1.297e-06
1.239e-06
1.108e-06
1.592e-06
1.082e-06
1.086e-06
1.27e-06
1.149e-06
9.29e-07
1.131e-06
1.764e-06
1.218e-06
1.082e-06
1.162e-06
1.205e-06
1.477e-06
9.1e-07
1.294e-06
1.091e-06
1.275e-06
1.261e-06
1.227e-06
9.8e-07
1.274e-06
1.168e-06
1.212e-06
1.097e-06
1.168e-06
1.226e-06
2.02e-06
1.313e-06
1.107e-06
1.965e-06
1.156e-06
1.225e-06
1.241e-06
1.156e-06
1.862e-06
1.889e-06
1.089e-06
1.457e-06
2.217e-06
1.213e-06
1.211e-06
1.346e-06
1.915e-06
1.35e-06
1.329e-06
1.275e-06
1.986e-06
1.224e-06
1.436e-06
1.862e-06
1.125e-06
1.307e-06
2.137e-06
1.26e-06
1.201e-06
1.339e-06
1.152e-06
1.176e-06
1.23e-06
1.072e-06
1.092e-06
1.1e-06
1.324e-06
1.284e-06
1.169e-06
1.256e-06
1.231e-06
1.257e-06
1.417e-06
1.119e-06
1.088e-06
1.93e-06
1.078e-06
1.444e-06
1.264e-06
1.289e-06
1.061e-06
1.436e-06
1.157e-06
1.209e-06
1.07e-06
1.226e-06
1.243e-06
1.38e-06
1.113e-06
1.27e-06
1.112e-06
1.239e-06
1.081e-06
1.016e-06
1.126e-06
1.119e-06
1.247e-06
1.34e-06
1.657e-06
1.261e-06
1.159e-06
1.106e-06
1.338e-06
1.283e-06
1.09e-06
9.73e-07
1.017e-06
1.128e-06
1.24e-06
1.145e-06
1.11e-06
1.092e-06
1.042e-06
1.261e-06
1.112e-06
1.134e-06
1.165e-06
1.236e-06
1.066e-06
1.307e-06
1.06e-06
1.128e-06
1.08e-06
1.134e-06
1.245e-06
1.079e-06
1.24e-06
1.19e-06
1.551e-06
1.218e-06
1.253e-06
2.025e-06
1.368e-06
1.77e-06
1.94e-06
2.288e-06
1.248e-06
1.135e-06
1.145e-06
1.165e-06
1.114e-06
1.284e-06
1.405e-06
1.125e-06
1.168e-06
1.146e-06
1.93e-06
1.32e-06
1.136e-06
1.427e-06
1.23e-06
2.411e-06
1.326e-06
1.58e-06
1.192e-06
1.326e-06
1.188e-06
1.304e-06
1.241e-06
1.123e-06
1.606e-06
1.122e-06
1.82e-06
1.339e-06
1.865e-06
1.091e-06
1.347e-06
1.191e-06
1.383e-06
1.14e-06
2.444e-06
1.216e-06
1.178e-06
1.32e-06
1.956e-06
1.983e-06
1.1e-06
2.018e-06
1.99e-06
1.446e-06
1.312e-06
1.086e-06
2.02e-06
2.225e-06
1.916e-06
1.345e-06
1.215e-06
1.139e-06
1.106e-06
2.035e-06
1.905e-06
1.501e-06
1.135e-06
1.295e-06
1.592e-06
1.964e-06
1.222e-06
1.178e-06
1.22e-06
2.282e-06
1.158e-06
1.177e-06
1.122e-06
1.223e-06
1.264e-06
1.281e-06
1.545e-06
2.153e-06
2.22e-06
1.341e-06
1.384e-06
1.366e-06
1.343e-06
1.858e-06
2.341e-06
1.507e-06
1.403e-06
1.694e-06
1.36e-06
1.385e-06
1.41e-06
1.396e-06
1.508e-06
1.505e-06
2.153e-06
2.53e-06
2.237e-06
2.147e-06
1.496e-06
2.504e-06
1.538e-06
1.602e-06
1.551e-06
1.489e-06
2.558e-06
2.491e-06
1.531e-06
2.426e-06
1.352e-06
1.473e-06
2.819e-06
1.571e-06
1.442e-06
1.611e-06
1.608e-06
1.629e-06
1.525e-06
1.496e-06
1.282e-06
1.559e-06
1.668e-06
1.512e-06
1.526e-06
1.653e-06
1.74e-06
1.762e-06
1.495e-06
1.464e-06
1.542e-06
1.475e-06
1.418e-06
1.619e-06
1.847e-06
1.488e-06
1.572e-06
1.659e-06
1.32e-06
1.483e-06
1.749e-06
1.647e-06
1.64e-06
1.964e-06
1.962e-06
1.949e-06
1.556e-06
1.657e-06
1.446e-06
1.777e-06
1.616e-06
2.195e-06
1.401e-06
1.492e-06
1.327e-06
1.373e-06
1.58e-06
1.455e-06
2.116e-06
1.844e-06
1.412e-06
1.363e-06
2.236e-06
1.398e-06
1.368e-06
1.284e-06
1.261e-06
1.542e-06
1.356e-06
1.473e-06
2.235e-06
1.35e-06
1.529e-06
1.421e-06
1.468e-06
1.544e-06
1.431e-06
1.518e-06
1.455e-06
2.251e-06
1.419e-06
1.533e-06
1.344e-06
1.34e-06
1.298e-06
1.246e-06
1.283e-06
1.583e-06
1.343e-06
1.488e-06
2.295e-06
1.481e-06
1.386e-06
1.419e-06
1.55e-06
1.565e-06
1.395e-06
1.387e-06
2.23e-06
2.52e-06
1.478e-06
1.405e-06
2.806e-06
2.459e-06
2.33e-06
1.413e-06
1.554e-06
1.813e-06
1.674e-06
1.424e-06
1.535e-06
1.858e-06
1.579e-06
1.611e-06
2.335e-06
1.548e-06
2.881e-06
1.526e-06
1.381e-06
1.635e-06
1.691e-06
1.906e-06
2.463e-06
2.532e-06
1.71e-06
2.521e-06
2.401e-06
2.938e-06
2.755e-06
1.725e-06
1.659e-06
2.49e-06
1.848e-06
1.676e-06
1.697e-06
2.446e-06
2.933e-06
2.485e-06
1.668e-06
1.817e-06
2.072e-06
1.483e-06
2.718e-06
1.591e-06
2.673e-06
2.488e-06
1.709e-06
1.528e-06
1.642e-06
1.652e-06
1.631e-06
2.537e-06
2.459e-06
2.057e-06
1.88e-06
1.645e-06
1.58e-06
1.59e-06
1.581e-06
1.728e-06
1.662e-06
1.656e-06
1.795e-06
1.656e-06
1.572e-06
2.622e-06
1.822e-06
1.626e-06
1.62e-06
1.704e-06
1.604e-06
1.683e-06
1.558e-06
1.605e-06
1.595e-06
1.764e-06
1.514e-06
1.725e-06
1.519e-06
1.683e-06
2.325e-06
2.348e-06
2.453e-06
1.694e-06
1.447e-06
1.566e-06
1.591e-06
2.341e-06
2.516e-06
1.753e-06
2.607e-06
2.386e-06
1.67e-06
1.528e-06
1.693e-06
1.577e-06
1.661e-06
1.484e-06
1.558e-06
1.524e-06
2.819e-06
1.585e-06
2.08e-06
2.749e-06
2.501e-06
1.566e-06
1.464e-06
1.619e-06
1.75e-06
1.285e-06
1.494e-06
1.381e-06
1.34e-06
1.501e-06
1.645e-06
1.517e-06
1.561e-06
1.394e-06
1.483e-06
1.491e-06
1.399e-06
2.646e-06
2.384e-06
1.328e-06
1.689e-06
1.404e-06
1.965e-06
1.371e-06
1.565e-06
1.685e-06
1.315e-06
1.547e-06
2.249e-06
2.34e-06
2.162e-06
1.569e-06
1.359e-06
1.43e-06
1.274e-06
1.381e-06
1.252e-06
1.322e-06
2.215e-06
2.218e-06
1.257e-06
1.311e-06
1.438e-06
1.426e-06
1.598e-06
1.385e-06
1.977e-06
1.101e-06
1.258e-06
1.195e-06
2.177e-06
1.392e-06
1.427e-06
1.169e-06
2.566e-06
2.066e-06
1.301e-06
1.535e-06
1.38e-06
1.178e-06
1.962e-06
1.959e-06
1.814e-06
1.96e-06
1.434e-06
1.991e-06
1.252e-06
1.391e-06
2.249e-06
2.395e-06
1.519e-06
1.344e-06
1.355e-06
1.509e-06
1.438e-06
1.401e-06
1.286e-06
1.264e-06
1.402e-06
1.302e-06
1.529e-06
1.571e-06
1.295e-06
1.34e-06
1.346e-06
1.135e-06
1.372e-06
1.374e-06
2.121e-06
1.295e-06
1.948e-06
1.334e-06
1.361e-06
2.05e-06
1.254e-06
2.281e-06
1.371e-06
1.34e-06
1.234e-06
1.711e-06
1.736e-06
1.498e-06
3.094e-06
2.085e-06
2.617e-06
1.635e-06
1.849e-06
1.568e-06
2.15e-06
2.381e-06
2.269e-06
2.526e-06
1.726e-06
1.684e-06
1.857e-06
1.677e-06
1.589e-06
1.548e-06
1.576e-06
1.365e-06
1.509e-06
1.679e-06
2.2e-06
1.642e-06
1.46e-06
1.639e-06
3.12e-06
1.405e-06
2.019e-06
1.769e-06
2.622e-06
1.73e-06
1.771e-06
2.495e-06
2.969e-06
2.583e-06
1.489e-06
1.828e-06
1.267e-06
1.351e-06
1.574e-06
2.206e-06
2.476e-06
2.185e-06
1.288e-06
1.218e-06
1.327e-06
2.597e-06
1.04e-06
2.324e-06
8.53e-07
1.095e-06
1.767e-06
1.073e-06
1.245e-06
1.077e-06
1.67e-06
1.808e-06
1.129e-06
2.08e-06
1.975e-06
1.267e-06
1.332e-06
1.155e-06
1.359e-06
1.614e-06
1.263e-06
1.456e-06
1.877e-06
1.966e-06
1.913e-06
1.112e-06
1.39e-06
1.134e-06
1.463e-06
1.114e-06
1.118e-06
1.03e-06
1.088e-06
1.869e-06
1.614e-06
1.988e-06
1.239e-06
2.476e-06
1.189e-06
1.022e-06
1.598e-06
1.407e-06
1.019e-06
1.088e-06
1.317e-06
1.307e-06
1.197e-06
1.086e-06
1.208e-06
1.298e-06
1.215e-06
9.9e-07
1.349e-06
1.157e-06
1.187e-06
1.185e-06
8.55e-07
7.7e-07
7.94e-07
6.25e-07
6.23e-07
5.97e-07
5.89e-07
9.55e-07
1.025e-06
8.45e-07
1.002e-06
1.124e-06
1.073e-06
7.82e-07
6.6e-07
8.82e-07
1.5e-06
8.77e-07
1.052e-06
1.204e-06
1.171e-06
1.139e-06
1.158e-06
1.043e-06
1.464e-06
2.002e-06
1.361e-06
1.228e-06
1.23e-06
1.199e-06
1.184e-06
1.282e-06
1.404e-06
1.246e-06
1.431e-06
1.069e-06
1.29e-06
1.684e-06
9.91e-07
3.746e-06
1.22e-06
9.99e-07
1.227e-06
1.114e-06
1.135e-06
1.105e-06
1.093e-06
1.571e-06
1.324e-06
1.177e-06
1.271e-06
1.294e-06
2.261e-06
1.45e-06
1.453e-06
1.384e-06
1.211e-06
1.206e-06
1.194e-06
1.281e-06
1.217e-06
1.459e-06
1.163e-06
1.831e-06
1.131e-06
1.134e-06
2.046e-06
1.039e-06
2.332e-06
1.016e-06
1.987e-06
9.85e-07
1.228e-06
1.797e-06
1.995e-06
1.826e-06
2.172e-06
1.009e-06
1.288e-06
3.049e-06
9.46e-07
2.528e-06
1.358e-06
1.149e-06
1.179e-06
1.23e-06
1.188e-06
1.365e-06
1.226e-06
1.33e-06
1.189e-06
1.936e-06
1.256e-06
1.193e-06
1.16e-06
3.639e-06
1.08e-06
2.433e-06
1.007e-06
2.493e-06
1.093e-06
1.436e-06
1.847e-06
1.169e-06
1.354e-06
1.389e-06
1.43e-06
1.22e-06
2.764e-06
2.447e-06
2.147e-06
1.402e-06
1.363e-06
1.258e-06
1.124e-06
1.239e-06
1.285e-06
2.081e-06
1.154e-06
1.159e-06
1.192e-06
1.189e-06
1.326e-06
1.107e-06
1.197e-06
1.146e-06
1.254e-06
1.376e-06
2.106e-06
1.498e-06
2.085e-06
1.227e-06
1.311e-06
1.193e-06
1.296e-06
1.426e-06
1.167e-06
1.291e-06
1.379e-06
1.264e-06
1.179e-06
1.18e-06
1.146e-06
1.178e-06
1.311e-06
1.078e-06
1.188e-06
1.355e-06
3.225e-06
1.952e-06
1.302e-06
1.316e-06
2.416e-06
2.169e-06
1.426e-06
1.352e-06
1.697e-06
1.346e-06
1.631e-06
2.054e-06
1.887e-06
1.286e-06
2.026e-06
1.974e-06
1.116e-06
1.263e-06
1.377e-06
1.292e-06
1.705e-06
1.469e-06
1.476e-06
1.183e-06
1.305e-06
1.364e-06
1.31e-06
1.14e-06
1.142e-06
1.17e-06
1.482e-06
1.337e-06
2.128e-06
1.42e-06
1.133e-06
1.422e-06
1.183e-06
1.265e-06
1.305e-06
1.079e-06
1.254e-06
1.37e-06
1.314e-06
1.356e-06
1.292e-06
1.36e-06
1.281e-06
2.31e-06
1.245e-06
1.401e-06
1.614e-06
2.333e-06
1.812e-06
1.137e-06
1.121e-06
1.156e-06
1.139e-06
2.264e-06
2.17e-06
1.345e-06
1.261e-06
1.127e-06
1.269e-06
1.379e-06
1.306e-06
1.149e-06
1.261e-06
1.265e-06
1.207e-06
2.108e-06
1.912e-06
1.765e-06
1.372e-06
1.906e-06
2.638e-06
2.952e-06
2.443e-06
2.257e-06
1.376e-06
1.528e-06
1.564e-06
1.238e-06
1.39e-06
1.18e-06
2.325e-06
2.649e-06
1.7252e-05
1.798e-06
1.414e-06
1.8e-06
1.595e-06
1.967e-06
1.403e-06
1.15e-06
1.27e-06
1.196e-06
1.246e-06
2.208e-06
1.361e-06
1.344e-06
1.23e-06
1.35e-06
2.21e-06
2.084e-06
1.27e-06
1.461e-06
1.344e-06
1.752e-06
1.461e-06
1.579e-06
1.424e-06
2.171e-06
2.525e-06
2.741e-06
1.963e-06
1.4e-06
2.938e-06
1.507e-06
1.666e-06
2.632e-06
1.291e-06
1.278e-06
1.26e-06
1.366e-06
3.188e-06
2.319e-06
1.506e-06
2.318e-06
2.844e-06
2.007e-06
2.297e-06
2.143e-06
1.344e-06
1.522e-06
1.275e-06
1.694e-06
1.601e-06
1.254e-06
1.302e-06
1.274e-06
1.329e-06
1.407e-06
1.99e-06
1.402e-06
1.535e-06
1.195e-06
1.349e-06
1.259e-06
2.164e-06
1.375e-06
2.087e-06
2.122e-06
2.014e-06
1.362e-06
1.363e-06
1.293e-06
1.418e-06
2.114e-06
1.575e-06
1.406e-06
1.279e-06
2.16e-06
1.282e-06
1.215e-06
1.216e-06
1.273e-06
1.428e-06
1.526e-06
2.923e-06
1.274e-06
2.226e-06
1.546e-06
2.318e-06
1.79e-06
1.225e-06
1.309e-06
1.417e-06
1.515e-06
2.592e-06
2.918e-06
1.521e-06
2.052e-06
1.814e-06
2.544e-06
1.637e-06
1.599e-06
1.697e-06
1.826e-06
1.755e-06
1.849e-06
3.554e-06
2.555e-06
1.666e-06
1.784e-06
2.187e-06
1.765e-06
1.331e-06
2.355e-06
2.103e-06
2.089e-06
2.973e-06
1.36e-06
1.333e-06
1.425e-06
1.465e-06
1.409e-06
1.444e-06
1.624e-06
1.34e-06
2.561e-06
1.435e-06
1.286e-06
1.499e-06
2.524e-06
1.6e-06
1.815e-06
1.448e-06
1.958e-06
1.411e-06
2.017e-06
1.358e-06
1.398e-06
1.311e-06
1.453e-06
1.364e-06
1.906e-06
1.843e-06
1.661e-06
1.415e-06
1.714e-06
1.845e-06
1.935e-06
1.63e-06
1.55e-06
2.265e-06
1.779e-06
3.579e-06
1.585e-06
1.897e-06
2.086e-06
1.557e-06
2.14e-06
1.456e-06
1.904e-06
1.633e-06
1.898e-06
1.748e-06
3.097e-06
2.892e-06
2.766e-06
2.603e-06
1.863e-06
1.543e-06
1.715e-06
2.308e-06
2.521e-06
1.769e-06
3.449e-06
2.295e-06
2.057e-06
3.083e-06
1.832e-06
2.302e-06
2.129e-06
2.238e-06
1.469e-06
2.383e-06
2.386e-06
2.142e-06
1.389e-06
1.962e-06
1.485e-06
1.394e-06
1.581e-06
1.552e-06
1.527e-06
1.739e-06
1.555e-06
3.003e-06
2.389e-06
2.323e-06
1.491e-06
1.65e-06
1.621e-06
1.362e-06
1.233e-06
1.506e-06
1.375e-06
1.239e-06
1.413e-06
1.441e-06
1.292e-06
1.736e-06
1.281e-06
1.707e-06
1.36e-06
1.836e-06
1.899e-06
1.489e-06
1.35e-06
1.327e-06
1.388e-06
1.267e-06
1.277e-06
2.068e-06
1.186e-06
1.387e-06
2.924e-06
3.534e-06
2.009e-06
2.605e-06
1.303e-06
1.298e-06
1.59e-06
1.3e-06
1.535e-06
1.5e-06
1.588e-06
1.817e-06
1.626e-06
2.305e-06
2.991e-06
1.564e-06
2.504e-06
1.45e-06
1.867e-06
1.183e-06
1.223e-06
1.561e-06
1.391e-06
1.203e-06
1.821e-06
2.182e-06
1.304e-06
2.679e-06
3.516e-06
1.339e-06
2.005e-06
4.172e-06
1.283e-06
2.178e-06
1.347e-06
1.477e-06
1.344e-06
1.307e-06
1.312e-06
1.67e-06
1.256e-06
1.683e-06
1.436e-06
2.222e-06
1.603e-06
1.895e-06
1.588e-06
3.176e-06
2.871e-06
3.312e-06
2.964e-06
1.635e-06
1.818e-06
1.984e-06
1.797e-06
2.823e-06
1.519e-06
2.724e-06
2.291e-06
2.523e-06
2.49e-06
2.709e-06
1.692e-06
1.676e-06
1.599e-06
1.74e-06
1.348e-06
2.576e-06
1.37e-06
1.978e-06
1.37e-06
2.243e-06
3.103e-06
2.223e-06
1.583e-06
1.96e-06
2.381e-06
1.796e-06
2.452e-06
1.407e-06
1.311e-06
1.442e-06
1.669e-06
2.164e-06
1.46e-06
2.288e-06
1.431e-06
1.42e-06
1.31e-06
1.43e-06
1.433e-06
1.287e-06
1.36e-06
2.571e-06
1.567e-06
2.07e-06
2.296e-06
2.138e-06
1.483e-06
2.181e-06
2.082e-06
2.234e-06
1.341e-06
1.523e-06
2.493e-06
1.353e-06
1.859e-06
1.854e-06
1.386e-06
2.899e-06
2.264e-06
1.985e-06
1.898e-06
2.028e-06
2.096e-06
1.78e-06
3.161e-06
1.531e-06
2.849e-06
1.846e-06
1.689e-06
1.446e-06
1.369e-06
1.374e-06
1.527e-06
1.383e-06
1.682e-06
1.304e-06
2.516e-06
1.34e-06
1.981e-06
1.474e-06
1.859e-06
1.59e-06
1.384e-06
1.611e-06
2.209e-06
3.43e-06
1.295e-06
2.769e-06
2.751e-06
1.47e-06
2.895e-06
2.349e-06
1.94e-06
2.826e-06
1.924e-06
3.317e-06
2.76e-06
2.478e-06
3.282e-06
1.694e-06
1.569e-06
1.842e-06
1.954e-06
1.443e-06
1.64e-06
1.327e-06
4.226e-06
1.475e-06
1.739e-06
1.664e-06
1.196e-06
1.42e-06
2.041e-06
2.449e-06
1.903e-06
2.454e-06
2.45e-06
2.339e-06
1.283e-06
1.464e-06
1.448e-06
2.633e-06
1.396e-06
1.268e-06
1.445e-06
3.515e-06
2.11e-06
2.131e-06
1.962e-06
2.409e-06
1.545e-06
2.357e-06
2.005e-06
1.267e-06
2.017e-06
1.418e-06
1.232e-06
1.421e-06
1.746e-06
2.207e-06
1.63e-06
1.684e-06
2.632e-06
2.258e-06
2.269e-06
2.579e-06
2.738e-06
2.546e-06
2.203e-06
3.94e-06
